 73984	a	1	[0,0,0,-222530,-40404512]	1	2	0
 73984	b	1	[0,0,0,-222530,40404512]	1	2	0
 73984	c	1	[0,0,0,-34,0]	1	2	0
 73984	d	1	[0,0,0,-13294,-589560]	1	2	0
 73984	e	1	[0,0,0,-9826,0]	1	2	0
 73984	f	1	[0,0,0,-4046,39304]	1	2	0
 73984	g	1	[0,0,0,-578,0]	1	2	0
 73984	h	1	[0,-1,0,-963,10511]	1	2	0
 73984	i	1	[0,0,0,-54910,-5188128]	0	2	0
 73984	j	1	[0,0,0,-54910,5188128]	0	2	0
 73984	k	1	[0,0,0,9826,0]	0	2	0
 73984	l	1	[0,0,0,-13294,589560]	0	2	0
 73984	m	1	[0,0,0,34,0]	2	2	0
 73984	n	1	[0,0,0,-4046,-39304]	0	2	0
 73984	o	1	[0,0,0,578,0]	0	2	0
 73984	p	1	[0,1,0,-963,-10511]	2	2	0
