label	[a1,a2,a3,a4,a6]	ord_p(N) for p in [2,3]
24.a1	[0,-1,0,-384,-2772]	3 1
24.a2	[0,-1,0,-64,220]	3 1
24.a3	[0,-1,0,-24,-36]	3 1
24.a4	[0,-1,0,-4,4]	3 1
24.a5	[0,-1,0,1,0]	3 1
24.a6	[0,-1,0,16,-180]	3 1
27.a1	[0,0,1,-270,-1708]	0 3
27.a2	[0,0,1,-30,63]	0 3
27.a3	[0,0,1,0,-7]	0 3
27.a4	[0,0,1,0,0]	0 3
32.a1	[0,0,0,-11,-14]	5 0
32.a2	[0,0,0,-11,14]	5 0
32.a3	[0,0,0,-1,0]	5 0
32.a4	[0,0,0,4,0]	5 0
36.a1	[0,0,0,-135,-594]	2 2
36.a2	[0,0,0,-15,22]	2 2
36.a3	[0,0,0,0,-27]	2 2
36.a4	[0,0,0,0,1]	2 2
48.a1	[0,1,0,-384,2772]	4 1
48.a2	[0,1,0,-64,-220]	4 1
48.a3	[0,1,0,-24,36]	4 1
48.a4	[0,1,0,-4,-4]	4 1
48.a5	[0,1,0,1,0]	4 1
48.a6	[0,1,0,16,180]	4 1
54.a1	[1,-1,0,-123,-667]	1 3
54.a2	[1,-1,0,-3,3]	1 3
54.a3	[1,-1,0,12,8]	1 3
54.b1	[1,-1,1,-29,-53]	1 3
54.b2	[1,-1,1,-14,29]	1 3
54.b3	[1,-1,1,1,-1]	1 3
64.a1	[0,0,0,-44,-112]	6 0
64.a2	[0,0,0,-44,112]	6 0
64.a3	[0,0,0,-4,0]	6 0
64.a4	[0,0,0,1,0]	6 0
72.a1	[0,0,0,-3459,78302]	3 2
72.a2	[0,0,0,-579,-5362]	3 2
72.a3	[0,0,0,-219,1190]	3 2
72.a4	[0,0,0,-39,-70]	3 2
72.a5	[0,0,0,6,-7]	3 2
72.a6	[0,0,0,141,4718]	3 2
96.a1	[0,-1,0,-32,-60]	5 1
96.a2	[0,-1,0,-17,33]	5 1
96.a3	[0,-1,0,-2,0]	5 1
96.a4	[0,-1,0,8,-8]	5 1
96.b1	[0,1,0,-32,60]	5 1
96.b2	[0,1,0,-17,-33]	5 1
96.b3	[0,1,0,-2,0]	5 1
96.b4	[0,1,0,8,8]	5 1
108.a1	[0,0,0,0,-108]	2 3
108.a2	[0,0,0,0,4]	2 3
128.a1	[0,1,0,-9,7]	7 0
128.a2	[0,1,0,1,1]	7 0
128.b1	[0,1,0,-2,-2]	7 0
128.b2	[0,1,0,3,-5]	7 0
128.c1	[0,-1,0,-9,-7]	7 0
128.c2	[0,-1,0,1,-1]	7 0
128.d1	[0,-1,0,-2,2]	7 0
128.d2	[0,-1,0,3,5]	7 0
144.a1	[0,0,0,-135,594]	4 2
144.a2	[0,0,0,-15,-22]	4 2
144.a3	[0,0,0,0,-1]	4 2
144.a4	[0,0,0,0,27]	4 2
144.b1	[0,0,0,-3459,-78302]	4 2
144.b2	[0,0,0,-579,5362]	4 2
144.b3	[0,0,0,-219,-1190]	4 2
144.b4	[0,0,0,-39,70]	4 2
144.b5	[0,0,0,6,7]	4 2
144.b6	[0,0,0,141,-4718]	4 2
162.a1	[1,-1,0,-6,8]	1 4
162.a2	[1,-1,0,39,-19]	1 4
162.b1	[1,-1,0,-1077,13877]	1 4
162.b2	[1,-1,0,-852,19664]	1 4
162.b3	[1,-1,0,-42,-100]	1 4
162.b4	[1,-1,0,3,-1]	1 4
162.c1	[1,-1,1,-9695,-364985]	1 4
162.c2	[1,-1,1,-95,-697]	1 4
162.c3	[1,-1,1,-5,5]	1 4
162.c4	[1,-1,1,25,1]	1 4
162.d1	[1,-1,1,-56,-161]	1 4
162.d2	[1,-1,1,4,-1]	1 4
192.a1	[0,-1,0,-129,609]	6 1
192.a2	[0,-1,0,-9,9]	6 1
192.a3	[0,-1,0,-4,-2]	6 1
192.a4	[0,-1,0,31,33]	6 1
192.b1	[0,-1,0,-1537,23713]	6 1
192.b2	[0,-1,0,-257,-1503]	6 1
192.b3	[0,-1,0,-97,385]	6 1
192.b4	[0,-1,0,-17,-15]	6 1
192.b5	[0,-1,0,3,-3]	6 1
192.b6	[0,-1,0,63,1377]	6 1
192.c1	[0,1,0,-129,-609]	6 1
192.c2	[0,1,0,-9,-9]	6 1
192.c3	[0,1,0,-4,2]	6 1
192.c4	[0,1,0,31,-33]	6 1
192.d1	[0,1,0,-1537,-23713]	6 1
192.d2	[0,1,0,-257,1503]	6 1
192.d3	[0,1,0,-97,-385]	6 1
192.d4	[0,1,0,-17,15]	6 1
192.d5	[0,1,0,3,3]	6 1
192.d6	[0,1,0,63,-1377]	6 1
216.a1	[0,0,0,-12,20]	3 3
216.b1	[0,0,0,-3,-34]	3 3
216.c1	[0,0,0,-27,918]	3 3
216.d1	[0,0,0,-108,-540]	3 3
243.a1	[0,0,1,0,-1]	0 5
243.a2	[0,0,1,0,20]	0 5
243.b1	[0,0,1,0,-61]	0 5
243.b2	[0,0,1,0,2]	0 5
256.a1	[0,1,0,-13,-21]	8 0
256.a2	[0,1,0,-3,1]	8 0
256.b1	[0,0,0,-2,0]	8 0
256.b2	[0,0,0,8,0]	8 0
256.c1	[0,0,0,-8,0]	8 0
256.c2	[0,0,0,2,0]	8 0
256.d1	[0,-1,0,-13,21]	8 0
256.d2	[0,-1,0,-3,-1]	8 0
288.a1	[0,0,0,-12,0]	5 2
288.a2	[0,0,0,3,0]	5 2
288.b1	[0,0,0,-291,-1910]	5 2
288.b2	[0,0,0,-156,736]	5 2
288.b3	[0,0,0,-21,-20]	5 2
288.b4	[0,0,0,69,-146]	5 2
288.c1	[0,0,0,-291,1910]	5 2
288.c2	[0,0,0,-156,-736]	5 2
288.c3	[0,0,0,-21,20]	5 2
288.c4	[0,0,0,69,146]	5 2
288.d1	[0,0,0,-99,-378]	5 2
288.d2	[0,0,0,-99,378]	5 2
288.d3	[0,0,0,-9,0]	5 2
288.d4	[0,0,0,36,0]	5 2
288.e1	[0,0,0,-108,0]	5 2
288.e2	[0,0,0,27,0]	5 2
324.a1	[0,0,0,-189,-999]	2 4
324.a2	[0,0,0,-9,9]	2 4
324.b1	[0,0,0,-39,94]	2 4
324.b2	[0,0,0,81,486]	2 4
324.c1	[0,0,0,-81,-243]	2 4
324.c2	[0,0,0,-21,37]	2 4
324.d1	[0,0,0,-351,-2538]	2 4
324.d2	[0,0,0,9,-18]	2 4
384.a1	[0,-1,0,-35,-69]	7 1
384.a2	[0,-1,0,-25,-119]	7 1
384.b1	[0,-1,0,-3,3]	7 1
384.b2	[0,-1,0,7,9]	7 1
384.c1	[0,-1,0,-13,-11]	7 1
384.c2	[0,-1,0,2,-2]	7 1
384.d1	[0,-1,0,-141,693]	7 1
384.d2	[0,-1,0,-6,18]	7 1
384.e1	[0,1,0,-35,69]	7 1
384.e2	[0,1,0,-25,119]	7 1
384.f1	[0,1,0,-13,11]	7 1
384.f2	[0,1,0,2,2]	7 1
384.g1	[0,1,0,-3,-3]	7 1
384.g2	[0,1,0,7,-9]	7 1
384.h1	[0,1,0,-141,-693]	7 1
384.h2	[0,1,0,-6,-18]	7 1
432.a1	[0,0,0,-12,-20]	4 3
432.b1	[0,0,0,-459,3834]	4 3
432.b2	[0,0,0,-219,-1654]	4 3
432.b3	[0,0,0,21,26]	4 3
432.c1	[0,0,0,-3,34]	4 3
432.d1	[0,0,0,0,-4]	4 3
432.d2	[0,0,0,0,108]	4 3
432.e1	[0,0,0,-4320,109296]	4 3
432.e2	[0,0,0,-480,-4048]	4 3
432.e3	[0,0,0,0,-16]	4 3
432.e4	[0,0,0,0,432]	4 3
432.f1	[0,0,0,-27,-918]	4 3
432.g1	[0,0,0,-1971,44658]	4 3
432.g2	[0,0,0,-51,-142]	4 3
432.g3	[0,0,0,189,-702]	4 3
432.h1	[0,0,0,-108,540]	4 3
486.a1	[1,-1,0,-96,386]	1 5
486.a2	[1,-1,0,-6,-4]	1 5
486.b1	[1,-1,0,-177,953]	1 5
486.b2	[1,-1,0,3,5]	1 5
486.c1	[1,-1,0,-258,-748]	1 5
486.c2	[1,-1,0,-123,557]	1 5
486.d1	[1,-1,1,-1109,-13931]	1 5
486.d2	[1,-1,1,-29,37]	1 5
486.e1	[1,-1,1,-20,-29]	1 5
486.e2	[1,-1,1,25,-161]	1 5
486.f1	[1,-1,1,-56,163]	1 5
486.f2	[1,-1,1,-11,-11]	1 5
576.a1	[0,0,0,-27,0]	6 2
576.a2	[0,0,0,108,0]	6 2
576.b1	[0,0,0,-13836,-626416]	6 2
576.b2	[0,0,0,-2316,42896]	6 2
576.b3	[0,0,0,-876,-9520]	6 2
576.b4	[0,0,0,-156,560]	6 2
576.b5	[0,0,0,24,56]	6 2
576.b6	[0,0,0,564,-37744]	6 2
576.c1	[0,0,0,-396,-3024]	6 2
576.c2	[0,0,0,-396,3024]	6 2
576.c3	[0,0,0,-36,0]	6 2
576.c4	[0,0,0,9,0]	6 2
576.d1	[0,0,0,-13836,626416]	6 2
576.d2	[0,0,0,-2316,-42896]	6 2
576.d3	[0,0,0,-876,9520]	6 2
576.d4	[0,0,0,-156,-560]	6 2
576.d5	[0,0,0,24,-56]	6 2
576.d6	[0,0,0,564,37744]	6 2
576.e1	[0,0,0,-540,-4752]	6 2
576.e2	[0,0,0,-60,176]	6 2
576.e3	[0,0,0,0,-216]	6 2
576.e4	[0,0,0,0,8]	6 2
576.f1	[0,0,0,-540,4752]	6 2
576.f2	[0,0,0,-60,-176]	6 2
576.f3	[0,0,0,0,-8]	6 2
576.f4	[0,0,0,0,216]	6 2
576.g1	[0,0,0,-1164,-15280]	6 2
576.g2	[0,0,0,-84,-160]	6 2
576.g3	[0,0,0,-39,92]	6 2
576.g4	[0,0,0,276,-1168]	6 2
576.h1	[0,0,0,-1164,15280]	6 2
576.h2	[0,0,0,-84,160]	6 2
576.h3	[0,0,0,-39,-92]	6 2
576.h4	[0,0,0,276,1168]	6 2
576.i1	[0,0,0,-3,0]	6 2
576.i2	[0,0,0,12,0]	6 2
648.a1	[0,0,0,-3,-1]	3 4
648.b1	[0,0,0,-3,14]	3 4
648.c1	[0,0,0,-27,27]	3 4
648.d1	[0,0,0,-27,-378]	3 4
768.a1	[0,-1,0,-2589,-49851]	8 1
768.a2	[0,-1,0,-159,-765]	8 1
768.a3	[0,-1,0,-29,69]	8 1
768.a4	[0,-1,0,1,3]	8 1
768.b1	[0,-1,0,-23,51]	8 1
768.b2	[0,-1,0,-13,85]	8 1
768.c1	[0,-1,0,-93,-315]	8 1
768.c2	[0,-1,0,-3,-9]	8 1
768.d1	[0,-1,0,-647,6555]	8 1
768.d2	[0,-1,0,-637,6757]	8 1
768.d3	[0,-1,0,-7,-5]	8 1
768.d4	[0,-1,0,3,-27]	8 1
768.e1	[0,1,0,-2589,49851]	8 1
768.e2	[0,1,0,-159,765]	8 1
768.e3	[0,1,0,-29,-69]	8 1
768.e4	[0,1,0,1,-3]	8 1
768.f1	[0,1,0,-93,315]	8 1
768.f2	[0,1,0,-3,9]	8 1
768.g1	[0,1,0,-23,-51]	8 1
768.g2	[0,1,0,-13,-85]	8 1
768.h1	[0,1,0,-647,-6555]	8 1
768.h2	[0,1,0,-637,-6757]	8 1
768.h3	[0,1,0,-7,5]	8 1
768.h4	[0,1,0,3,27]	8 1
864.a1	[0,0,0,-216,-1296]	5 3
864.b1	[0,0,0,24,16]	5 3
864.c1	[0,0,0,24,-16]	5 3
864.d1	[0,0,0,-216,1296]	5 3
864.e1	[0,0,0,-3,6]	5 3
864.f1	[0,0,0,-3,-6]	5 3
864.g1	[0,0,0,-27,-162]	5 3
864.h1	[0,0,0,-27,162]	5 3
864.i1	[0,0,0,-24,48]	5 3
864.j1	[0,0,0,216,-432]	5 3
864.k1	[0,0,0,216,432]	5 3
864.l1	[0,0,0,-24,-48]	5 3
972.a1	[0,0,0,0,-972]	2 5
972.a2	[0,0,0,0,36]	2 5
972.b1	[0,0,0,0,-243]	2 5
972.b2	[0,0,0,0,9]	2 5
972.c1	[0,0,0,0,-12]	2 5
972.c2	[0,0,0,0,324]	2 5
972.d1	[0,0,0,0,-3]	2 5
972.d2	[0,0,0,0,81]	2 5
1152.a1	[0,0,0,-1272,-17440]	7 2
1152.a2	[0,0,0,-57,-430]	7 2
1152.b1	[0,0,0,-1272,17440]	7 2
1152.b2	[0,0,0,-57,430]	7 2
1152.c1	[0,0,0,-21,-34]	7 2
1152.c2	[0,0,0,24,-160]	7 2
1152.d1	[0,0,0,-216,-864]	7 2
1152.d2	[0,0,0,-81,270]	7 2
1152.e1	[0,0,0,-36,-80]	7 2
1152.e2	[0,0,0,-6,4]	7 2
1152.f1	[0,0,0,-216,864]	7 2
1152.f2	[0,0,0,-81,-270]	7 2
1152.g1	[0,0,0,-36,80]	7 2
1152.g2	[0,0,0,-6,-4]	7 2
1152.h1	[0,0,0,-21,34]	7 2
1152.h2	[0,0,0,24,160]	7 2
1152.i1	[0,0,0,-120,-416]	7 2
1152.i2	[0,0,0,15,-38]	7 2
1152.j1	[0,0,0,-30,-52]	7 2
1152.j2	[0,0,0,60,-304]	7 2
1152.k1	[0,0,0,-30,52]	7 2
1152.k2	[0,0,0,60,304]	7 2
1152.l1	[0,0,0,-120,416]	7 2
1152.l2	[0,0,0,15,38]	7 2
1152.m1	[0,0,0,-84,-272]	7 2
1152.m2	[0,0,0,6,-20]	7 2
1152.n1	[0,0,0,-24,32]	7 2
1152.n2	[0,0,0,-9,-10]	7 2
1152.o1	[0,0,0,-324,2160]	7 2
1152.o2	[0,0,0,-54,-108]	7 2
1152.p1	[0,0,0,-24,-32]	7 2
1152.p2	[0,0,0,-9,10]	7 2
1152.q1	[0,0,0,-324,-2160]	7 2
1152.q2	[0,0,0,-54,108]	7 2
1152.r1	[0,0,0,-84,272]	7 2
1152.r2	[0,0,0,6,20]	7 2
1152.s1	[0,0,0,-318,-2180]	7 2
1152.s2	[0,0,0,-228,-3440]	7 2
1152.t1	[0,0,0,-318,2180]	7 2
1152.t2	[0,0,0,-228,3440]	7 2
1296.a1	[0,0,0,-39,-94]	4 4
1296.a2	[0,0,0,81,-486]	4 4
1296.b1	[0,0,0,-189,999]	4 4
1296.b2	[0,0,0,-9,-9]	4 4
1296.c1	[0,0,0,-99,-414]	4 4
1296.c2	[0,0,0,621,594]	4 4
1296.d1	[0,0,0,-3,-14]	4 4
1296.e1	[0,0,0,-3,1]	4 4
1296.f1	[0,0,0,-17235,-870894]	4 4
1296.f2	[0,0,0,-13635,-1244862]	4 4
1296.f3	[0,0,0,-675,7074]	4 4
1296.f4	[0,0,0,45,18]	4 4
1296.g1	[0,0,0,-155115,23514138]	4 4
1296.g2	[0,0,0,-1515,46106]	4 4
1296.g3	[0,0,0,-75,-262]	4 4
1296.g4	[0,0,0,405,-486]	4 4
1296.h1	[0,0,0,-27,378]	4 4
1296.i1	[0,0,0,-27,-27]	4 4
1296.j1	[0,0,0,-351,2538]	4 4
1296.j2	[0,0,0,9,18]	4 4
1296.k1	[0,0,0,-81,243]	4 4
1296.k2	[0,0,0,-21,-37]	4 4
1296.l1	[0,0,0,-891,11178]	4 4
1296.l2	[0,0,0,69,-22]	4 4
1728.a1	[0,0,0,-432,-4320]	6 3
1728.b1	[0,0,0,-432,4320]	6 3
1728.c1	[0,0,0,-7884,-357264]	6 3
1728.c2	[0,0,0,-204,1136]	6 3
1728.c3	[0,0,0,756,5616]	6 3
1728.d1	[0,0,0,-7884,357264]	6 3
1728.d2	[0,0,0,-204,-1136]	6 3
1728.d3	[0,0,0,756,-5616]	6 3
1728.e1	[0,0,0,-6,6]	6 3
1728.f1	[0,0,0,54,-54]	6 3
1728.g1	[0,0,0,54,54]	6 3
1728.h1	[0,0,0,-6,-6]	6 3
1728.i1	[0,0,0,-108,-7344]	6 3
1728.j1	[0,0,0,-108,-1296]	6 3
1728.k1	[0,0,0,-108,1296]	6 3
1728.l1	[0,0,0,-108,7344]	6 3
1728.m1	[0,0,0,0,-32]	6 3
1728.m2	[0,0,0,0,864]	6 3
1728.n1	[0,0,0,-1080,-13662]	6 3
1728.n2	[0,0,0,-120,506]	6 3
1728.n3	[0,0,0,0,-54]	6 3
1728.n4	[0,0,0,0,2]	6 3
1728.o1	[0,0,0,-1080,13662]	6 3
1728.o2	[0,0,0,-120,-506]	6 3
1728.o3	[0,0,0,0,-2]	6 3
1728.o4	[0,0,0,0,54]	6 3
1728.p1	[0,0,0,0,-864]	6 3
1728.p2	[0,0,0,0,32]	6 3
1728.q1	[0,0,0,-12,48]	6 3
1728.r1	[0,0,0,-12,272]	6 3
1728.s1	[0,0,0,-12,-272]	6 3
1728.t1	[0,0,0,-12,-48]	6 3
1728.u1	[0,0,0,-54,-162]	6 3
1728.v1	[0,0,0,6,2]	6 3
1728.w1	[0,0,0,6,-2]	6 3
1728.x1	[0,0,0,-54,162]	6 3
1728.y1	[0,0,0,-1836,-30672]	6 3
1728.y2	[0,0,0,-876,13232]	6 3
1728.y3	[0,0,0,84,-208]	6 3
1728.z1	[0,0,0,-1836,30672]	6 3
1728.z2	[0,0,0,-876,-13232]	6 3
1728.z3	[0,0,0,84,208]	6 3
1728.ba1	[0,0,0,-48,160]	6 3
1728.bb1	[0,0,0,-48,-160]	6 3
1944.a1	[0,0,0,-27,-90]	3 5
1944.b1	[0,0,0,-486,-4131]	3 5
1944.c1	[0,0,0,-36,84]	3 5
1944.d1	[0,0,0,9,-6]	3 5
1944.e1	[0,0,0,-243,1134]	3 5
1944.f1	[0,0,0,-27,-42]	3 5
1944.g1	[0,0,0,-54,153]	3 5
1944.h1	[0,0,0,-324,-2268]	3 5
1944.i1	[0,0,0,81,162]	3 5
1944.j1	[0,0,0,-243,2430]	3 5
2304.a1	[0,0,0,-72,0]	8 2
2304.a2	[0,0,0,18,0]	8 2
2304.b1	[0,0,0,-5826,-171160]	8 2
2304.b2	[0,0,0,-5736,-176704]	8 2
2304.b3	[0,0,0,-66,200]	8 2
2304.b4	[0,0,0,24,704]	8 2
2304.c1	[0,0,0,-6,0]	8 2
2304.c2	[0,0,0,24,0]	8 2
2304.d1	[0,0,0,-216,0]	8 2
2304.d2	[0,0,0,54,0]	8 2
2304.e1	[0,0,0,-5826,171160]	8 2
2304.e2	[0,0,0,-5736,176704]	8 2
2304.e3	[0,0,0,-66,-200]	8 2
2304.e4	[0,0,0,24,-704]	8 2
2304.f1	[0,0,0,-210,-1168]	8 2
2304.f2	[0,0,0,-120,-2176]	8 2
2304.g1	[0,0,0,-840,-9344]	8 2
2304.g2	[0,0,0,-30,-272]	8 2
2304.h1	[0,0,0,-120,-448]	8 2
2304.h2	[0,0,0,-30,56]	8 2
2304.i1	[0,0,0,-120,448]	8 2
2304.i2	[0,0,0,-30,-56]	8 2
2304.j1	[0,0,0,-840,9344]	8 2
2304.j2	[0,0,0,-30,272]	8 2
2304.k1	[0,0,0,-210,1168]	8 2
2304.k2	[0,0,0,-120,2176]	8 2
2304.l1	[0,0,0,-23304,-1369280]	8 2
2304.l2	[0,0,0,-1434,-22088]	8 2
2304.l3	[0,0,0,-264,1600]	8 2
2304.l4	[0,0,0,6,88]	8 2
2304.m1	[0,0,0,-54,0]	8 2
2304.m2	[0,0,0,216,0]	8 2
2304.n1	[0,0,0,-24,0]	8 2
2304.n2	[0,0,0,6,0]	8 2
2304.o1	[0,0,0,-23304,1369280]	8 2
2304.o2	[0,0,0,-1434,22088]	8 2
2304.o3	[0,0,0,-264,-1600]	8 2
2304.o4	[0,0,0,6,-88]	8 2
2304.p1	[0,0,0,-18,0]	8 2
2304.p2	[0,0,0,72,0]	8 2
2592.a1	[0,0,0,-27,270]	5 4
2592.b1	[0,0,0,-27,-270]	5 4
2592.c1	[0,0,0,-108,-864]	5 4
2592.d1	[0,0,0,-108,864]	5 4
2592.e1	[0,0,0,-12,32]	5 4
2592.f1	[0,0,0,-12,-32]	5 4
2592.g1	[0,0,0,-3,-10]	5 4
2592.h1	[0,0,0,-3,10]	5 4
3456.a1	[0,0,0,-84,304]	7 3
3456.b1	[0,0,0,-189,-1026]	7 3
3456.c1	[0,0,0,-84,-304]	7 3
3456.d1	[0,0,0,-189,1026]	7 3
3456.e1	[0,0,0,12,16]	7 3
3456.f1	[0,0,0,27,-54]	7 3
3456.g1	[0,0,0,12,-16]	7 3
3456.h1	[0,0,0,27,54]	7 3
3456.i1	[0,0,0,108,-432]	7 3
3456.j1	[0,0,0,3,2]	7 3
3456.k1	[0,0,0,108,432]	7 3
3456.l1	[0,0,0,3,-2]	7 3
3456.m1	[0,0,0,-756,-8208]	7 3
3456.n1	[0,0,0,-21,38]	7 3
3456.o1	[0,0,0,-756,8208]	7 3
3456.p1	[0,0,0,-21,-38]	7 3
3888.a1	[0,0,0,-27,90]	4 5
3888.b1	[0,0,0,-1539,-23166]	4 5
3888.b2	[0,0,0,-99,354]	4 5
3888.c1	[0,0,0,-17739,909306]	4 5
3888.c2	[0,0,0,-459,-1926]	4 5
3888.d1	[0,0,0,9,6]	4 5
3888.e1	[0,0,0,-36,-84]	4 5
3888.f1	[0,0,0,-486,4131]	4 5
3888.g1	[0,0,0,-243,-1134]	4 5
3888.h1	[0,0,0,0,-144]	4 5
3888.h2	[0,0,0,0,3888]	4 5
3888.i1	[0,0,0,0,-81]	4 5
3888.i2	[0,0,0,0,3]	4 5
3888.j1	[0,0,0,-315,2154]	4 5
3888.j2	[0,0,0,405,9882]	4 5
3888.k1	[0,0,0,0,-9]	4 5
3888.k2	[0,0,0,0,243]	4 5
3888.l1	[0,0,0,0,-324]	4 5
3888.l2	[0,0,0,0,12]	4 5
3888.m1	[0,0,0,-2835,-58158]	4 5
3888.m2	[0,0,0,45,-366]	4 5
3888.n1	[0,0,0,0,-1296]	4 5
3888.n2	[0,0,0,0,48]	4 5
3888.o1	[0,0,0,0,-36]	4 5
3888.o2	[0,0,0,0,972]	4 5
3888.p1	[0,0,0,-27,42]	4 5
3888.q1	[0,0,0,81,-162]	4 5
3888.r1	[0,0,0,-324,2268]	4 5
3888.s1	[0,0,0,-54,-153]	4 5
3888.t1	[0,0,0,-891,-9558]	4 5
3888.t2	[0,0,0,-171,858]	4 5
3888.u1	[0,0,0,-4131,52002]	4 5
3888.u2	[0,0,0,-1971,-33678]	4 5
3888.v1	[0,0,0,-243,-2430]	4 5
5184.a1	[0,0,0,-12,-80]	6 4
5184.b1	[0,0,0,-12,80]	6 4
5184.c1	[0,0,0,-3564,-89424]	6 4
5184.c2	[0,0,0,276,176]	6 4
5184.d1	[0,0,0,-1404,20304]	6 4
5184.d2	[0,0,0,36,144]	6 4
5184.e1	[0,0,0,-324,-1944]	6 4
5184.e2	[0,0,0,-84,296]	6 4
5184.f1	[0,0,0,-324,1944]	6 4
5184.f2	[0,0,0,-84,-296]	6 4
5184.g1	[0,0,0,-1404,-20304]	6 4
5184.g2	[0,0,0,36,-144]	6 4
5184.h1	[0,0,0,-3564,89424]	6 4
5184.h2	[0,0,0,276,-176]	6 4
5184.i1	[0,0,0,-108,216]	6 4
5184.j1	[0,0,0,-3,4]	6 4
5184.k1	[0,0,0,-108,-3024]	6 4
5184.l1	[0,0,0,-108,3024]	6 4
5184.m1	[0,0,0,-3,-4]	6 4
5184.n1	[0,0,0,-108,-216]	6 4
5184.o1	[0,0,0,-620460,188113104]	6 4
5184.o2	[0,0,0,-6060,368848]	6 4
5184.o3	[0,0,0,-300,-2096]	6 4
5184.o4	[0,0,0,1620,-3888]	6 4
5184.p1	[0,0,0,-68940,-6967152]	6 4
5184.p2	[0,0,0,-54540,-9958896]	6 4
5184.p3	[0,0,0,-2700,56592]	6 4
5184.p4	[0,0,0,180,144]	6 4
5184.q1	[0,0,0,-68940,6967152]	6 4
5184.q2	[0,0,0,-54540,9958896]	6 4
5184.q3	[0,0,0,-2700,-56592]	6 4
5184.q4	[0,0,0,180,-144]	6 4
5184.r1	[0,0,0,-620460,-188113104]	6 4
5184.r2	[0,0,0,-6060,-368848]	6 4
5184.r3	[0,0,0,-300,2096]	6 4
5184.r4	[0,0,0,1620,3888]	6 4
5184.s1	[0,0,0,-12,-8]	6 4
5184.t1	[0,0,0,-27,-108]	6 4
5184.u1	[0,0,0,-12,-112]	6 4
5184.v1	[0,0,0,-12,112]	6 4
5184.w1	[0,0,0,-27,108]	6 4
5184.x1	[0,0,0,-12,8]	6 4
5184.y1	[0,0,0,-396,3312]	6 4
5184.y2	[0,0,0,2484,-4752]	6 4
5184.z1	[0,0,0,-156,-752]	6 4
5184.z2	[0,0,0,324,-3888]	6 4
5184.ba1	[0,0,0,-756,-7992]	6 4
5184.ba2	[0,0,0,-36,72]	6 4
5184.bb1	[0,0,0,-756,7992]	6 4
5184.bb2	[0,0,0,-36,-72]	6 4
5184.bc1	[0,0,0,-156,752]	6 4
5184.bc2	[0,0,0,324,3888]	6 4
5184.bd1	[0,0,0,-396,-3312]	6 4
5184.bd2	[0,0,0,2484,4752]	6 4
5184.be1	[0,0,0,-108,2160]	6 4
5184.bf1	[0,0,0,-108,-2160]	6 4
6912.a1	[0,0,0,-54,216]	8 3
6912.b1	[0,0,0,-24,-64]	8 3
6912.c1	[0,0,0,6,16]	8 3
6912.d1	[0,0,0,216,-3456]	8 3
6912.e1	[0,0,0,6,-16]	8 3
6912.f1	[0,0,0,216,3456]	8 3
6912.g1	[0,0,0,-54,-216]	8 3
6912.h1	[0,0,0,-24,64]	8 3
6912.i1	[0,0,0,-4968,134784]	8 3
6912.j1	[0,0,0,-138,-624]	8 3
6912.k1	[0,0,0,-4968,-134784]	8 3
6912.l1	[0,0,0,-138,624]	8 3
6912.m1	[0,0,0,-552,-4992]	8 3
6912.n1	[0,0,0,-1242,16848]	8 3
6912.o1	[0,0,0,-552,4992]	8 3
6912.p1	[0,0,0,-1242,-16848]	8 3
6912.q1	[0,0,0,-6,-8]	8 3
6912.r1	[0,0,0,-216,1728]	8 3
6912.s1	[0,0,0,54,-432]	8 3
6912.t1	[0,0,0,24,128]	8 3
6912.u1	[0,0,0,54,432]	8 3
6912.v1	[0,0,0,24,-128]	8 3
6912.w1	[0,0,0,-6,8]	8 3
6912.x1	[0,0,0,-216,-1728]	8 3
7776.a1	[0,0,0,-72,240]	5 5
7776.b1	[0,0,0,-72,-240]	5 5
7776.c1	[0,0,0,-81,324]	5 5
7776.d1	[0,0,0,-81,-324]	5 5
7776.e1	[0,0,0,-48843,-4154814]	5 5
7776.f1	[0,0,0,-243,-486]	5 5
7776.g1	[0,0,0,-243,486]	5 5
7776.h1	[0,0,0,-48843,4154814]	5 5
7776.i1	[0,0,0,-5427,153882]	5 5
7776.j1	[0,0,0,-27,18]	5 5
7776.k1	[0,0,0,-27,-18]	5 5
7776.l1	[0,0,0,-5427,-153882]	5 5
7776.m1	[0,0,0,-9,-12]	5 5
7776.n1	[0,0,0,-9,12]	5 5
7776.o1	[0,0,0,-648,-6480]	5 5
7776.p1	[0,0,0,-648,6480]	5 5
10368.a1	[0,0,0,6,4]	7 4
10368.b1	[0,0,0,216,-864]	7 4
10368.c1	[0,0,0,6,-4]	7 4
10368.d1	[0,0,0,216,864]	7 4
10368.e1	[0,0,0,-36,144]	7 4
10368.f1	[0,0,0,-81,-486]	7 4
10368.g1	[0,0,0,-36,-144]	7 4
10368.h1	[0,0,0,-81,486]	7 4
10368.i1	[0,0,0,-648,-7776]	7 4
10368.j1	[0,0,0,-18,36]	7 4
10368.k1	[0,0,0,-39528,-3024864]	7 4
10368.l1	[0,0,0,-1098,14004]	7 4
10368.m1	[0,0,0,-39528,3024864]	7 4
10368.n1	[0,0,0,-1098,-14004]	7 4
10368.o1	[0,0,0,-648,7776]	7 4
10368.p1	[0,0,0,-18,-36]	7 4
10368.q1	[0,0,0,-72,288]	7 4
10368.r1	[0,0,0,-162,-972]	7 4
10368.s1	[0,0,0,-4392,112032]	7 4
10368.t1	[0,0,0,-9882,-378108]	7 4
10368.u1	[0,0,0,-4392,-112032]	7 4
10368.v1	[0,0,0,-9882,378108]	7 4
10368.w1	[0,0,0,-72,-288]	7 4
10368.x1	[0,0,0,-162,972]	7 4
10368.y1	[0,0,0,-324,-3888]	7 4
10368.z1	[0,0,0,-9,18]	7 4
10368.ba1	[0,0,0,-324,3888]	7 4
10368.bb1	[0,0,0,-9,-18]	7 4
10368.bc1	[0,0,0,54,-108]	7 4
10368.bd1	[0,0,0,24,32]	7 4
10368.be1	[0,0,0,54,108]	7 4
10368.bf1	[0,0,0,24,-32]	7 4
15552.a1	[0,0,0,-972,-19440]	6 5
15552.b1	[0,0,0,-162,-810]	6 5
15552.c1	[0,0,0,-162,810]	6 5
15552.d1	[0,0,0,-972,19440]	6 5
15552.e1	[0,0,0,-16524,-416016]	6 5
15552.e2	[0,0,0,-7884,269424]	6 5
15552.f1	[0,0,0,-3564,-76464]	6 5
15552.f2	[0,0,0,-684,6864]	6 5
15552.g1	[0,0,0,-3564,76464]	6 5
15552.g2	[0,0,0,-684,-6864]	6 5
15552.h1	[0,0,0,-16524,416016]	6 5
15552.h2	[0,0,0,-7884,-269424]	6 5
15552.i1	[0,0,0,-216,1224]	6 5
15552.j1	[0,0,0,324,-1296]	6 5
15552.k1	[0,0,0,-36,-96]	6 5
15552.l1	[0,0,0,-1296,-18144]	6 5
15552.m1	[0,0,0,-1296,18144]	6 5
15552.n1	[0,0,0,-36,96]	6 5
15552.o1	[0,0,0,324,1296]	6 5
15552.p1	[0,0,0,-216,-1224]	6 5
15552.q1	[0,0,0,-21708,1231056]	6 5
15552.r1	[0,0,0,-108,144]	6 5
15552.s1	[0,0,0,-108,336]	6 5
15552.t1	[0,0,0,-108,-336]	6 5
15552.u1	[0,0,0,-108,-144]	6 5
15552.v1	[0,0,0,-21708,-1231056]	6 5
15552.w1	[0,0,0,0,-648]	6 5
15552.w2	[0,0,0,0,24]	6 5
15552.x1	[0,0,0,0,-18]	6 5
15552.x2	[0,0,0,0,486]	6 5
15552.y1	[0,0,0,0,-7776]	6 5
15552.y2	[0,0,0,0,288]	6 5
15552.z1	[0,0,0,0,-6]	6 5
15552.z2	[0,0,0,0,162]	6 5
15552.ba1	[0,0,0,-1260,-17232]	6 5
15552.ba2	[0,0,0,1620,-79056]	6 5
15552.bb1	[0,0,0,0,-96]	6 5
15552.bb2	[0,0,0,0,2592]	6 5
15552.bc1	[0,0,0,0,-1944]	6 5
15552.bc2	[0,0,0,0,72]	6 5
15552.bd1	[0,0,0,-11340,465264]	6 5
15552.bd2	[0,0,0,180,2928]	6 5
15552.be1	[0,0,0,-11340,-465264]	6 5
15552.be2	[0,0,0,180,-2928]	6 5
15552.bf1	[0,0,0,0,-2592]	6 5
15552.bf2	[0,0,0,0,96]	6 5
15552.bg1	[0,0,0,0,-72]	6 5
15552.bg2	[0,0,0,0,1944]	6 5
15552.bh1	[0,0,0,-1260,17232]	6 5
15552.bh2	[0,0,0,1620,79056]	6 5
15552.bi1	[0,0,0,0,-288]	6 5
15552.bi2	[0,0,0,0,7776]	6 5
15552.bj1	[0,0,0,0,-162]	6 5
15552.bj2	[0,0,0,0,6]	6 5
15552.bk1	[0,0,0,0,-24]	6 5
15552.bk2	[0,0,0,0,648]	6 5
15552.bl1	[0,0,0,0,-486]	6 5
15552.bl2	[0,0,0,0,18]	6 5
15552.bm1	[0,0,0,-195372,-33238512]	6 5
15552.bn1	[0,0,0,-972,-3888]	6 5
15552.bo1	[0,0,0,-972,9072]	6 5
15552.bp1	[0,0,0,-972,-9072]	6 5
15552.bq1	[0,0,0,-972,3888]	6 5
15552.br1	[0,0,0,-195372,33238512]	6 5
15552.bs1	[0,0,0,36,48]	6 5
15552.bt1	[0,0,0,-1944,-33048]	6 5
15552.bu1	[0,0,0,-324,2592]	6 5
15552.bv1	[0,0,0,-144,-672]	6 5
15552.bw1	[0,0,0,-144,672]	6 5
15552.bx1	[0,0,0,-324,-2592]	6 5
15552.by1	[0,0,0,-1944,33048]	6 5
15552.bz1	[0,0,0,36,-48]	6 5
15552.ca1	[0,0,0,-70956,-7274448]	6 5
15552.ca2	[0,0,0,-1836,15408]	6 5
15552.cb1	[0,0,0,-6156,-185328]	6 5
15552.cb2	[0,0,0,-396,2832]	6 5
15552.cc1	[0,0,0,-6156,185328]	6 5
15552.cc2	[0,0,0,-396,-2832]	6 5
15552.cd1	[0,0,0,-70956,7274448]	6 5
15552.cd2	[0,0,0,-1836,-15408]	6 5
15552.ce1	[0,0,0,-108,720]	6 5
15552.cf1	[0,0,0,-18,30]	6 5
15552.cg1	[0,0,0,-18,-30]	6 5
15552.ch1	[0,0,0,-108,-720]	6 5
20736.a1	[0,0,0,-97896,-11789504]	8 4
20736.a2	[0,0,0,24,64]	8 4
20736.b1	[0,0,0,-220266,39789576]	8 4
20736.b2	[0,0,0,54,-216]	8 4
20736.c1	[0,0,0,-97896,11789504]	8 4
20736.c2	[0,0,0,24,-64]	8 4
20736.d1	[0,0,0,-220266,-39789576]	8 4
20736.d2	[0,0,0,54,216]	8 4
20736.e1	[0,0,0,-270,-1728]	8 4
20736.f1	[0,0,0,-120,512]	8 4
20736.g1	[0,0,0,-30,64]	8 4
20736.h1	[0,0,0,-1080,-13824]	8 4
20736.i1	[0,0,0,-30,-64]	8 4
20736.j1	[0,0,0,-1080,13824]	8 4
20736.k1	[0,0,0,-270,1728]	8 4
20736.l1	[0,0,0,-120,-512]	8 4
20736.m1	[0,0,0,-881064,318316608]	8 4
20736.m2	[0,0,0,216,-1728]	8 4
20736.n1	[0,0,0,-24474,-1473688]	8 4
20736.n2	[0,0,0,6,8]	8 4
20736.o1	[0,0,0,-881064,-318316608]	8 4
20736.o2	[0,0,0,216,1728]	8 4
20736.p1	[0,0,0,-24474,1473688]	8 4
20736.p2	[0,0,0,6,-8]	8 4
31104.a1	[0,0,0,-324,1296]	7 5
31104.b1	[0,0,0,-9,-6]	7 5
31104.c1	[0,0,0,-9,6]	7 5
31104.d1	[0,0,0,-324,-1296]	7 5
31104.e1	[0,0,0,-36,-48]	7 5
31104.f1	[0,0,0,-81,162]	7 5
31104.g1	[0,0,0,-81,-162]	7 5
31104.h1	[0,0,0,-36,48]	7 5
62208.a1	[0,0,0,-54,144]	8 5
62208.b1	[0,0,0,-1944,-31104]	8 5
62208.c1	[0,0,0,-54,-144]	8 5
62208.d1	[0,0,0,-1944,31104]	8 5
62208.e1	[0,0,0,-1458,-21384]	8 5
62208.f1	[0,0,0,-648,6336]	8 5
62208.g1	[0,0,0,-648,5184]	8 5
62208.h1	[0,0,0,-18,-24]	8 5
62208.i1	[0,0,0,-648,-5184]	8 5
62208.j1	[0,0,0,-18,24]	8 5
62208.k1	[0,0,0,-1458,21384]	8 5
62208.l1	[0,0,0,-648,-6336]	8 5
62208.m1	[0,0,0,-162,792]	8 5
62208.n1	[0,0,0,-5832,-171072]	8 5
62208.o1	[0,0,0,-72,-192]	8 5
62208.p1	[0,0,0,-162,648]	8 5
62208.q1	[0,0,0,-72,192]	8 5
62208.r1	[0,0,0,-162,-648]	8 5
62208.s1	[0,0,0,-162,-792]	8 5
62208.t1	[0,0,0,-5832,171072]	8 5
62208.u1	[0,0,0,-486,-3888]	8 5
62208.v1	[0,0,0,-216,1152]	8 5
62208.w1	[0,0,0,-486,3888]	8 5
62208.x1	[0,0,0,-216,-1152]	8 5
