Each row is one curve; I list the [a1,a2,a3,a4,a6] Weierstrass form,
the conductor, and the rank, delimited by tabs.

[0,0,0,-6544,7375129]	N = 5869909161402284	8
[0,1,0,9910,9815689]	N = 10414125008969212	8
[0,0,0,-6112,12325825]	N = 16404350717356652	8
[0,1,0,-3405,15280204]	N = 25219455152852332	8
[0,1,0,-6790,15636249]	N = 26407802107070812	8
[0,0,0,-2161,16420585]	N = 29120484600971804	8
[0,-1,0,3813,20136519]	N = 29198793157130496	8
[0,0,0,-3796,16626289]	N = 29853941296006892	8
[0,1,0,-9870,19562929]	N = 41331002680732252	8
[0,1,0,9055,20995144]	N = 47604166894049452	8
[0,0,0,-9676,21929881]	N = 51924830868524972	8
[0,0,0,1268,23294305]	N = 58603494326300012	8
[0,0,0,488,23503225]	N = 59659373082695852	8
[0,0,0,9383,23635585]	N = 60346432228118492	8
[0,0,0,2603,23782525]	N = 61085999691131132	8
[0,0,0,5003,24334045]	N = 63953744176859132	8
[0,0,0,-6097,27074545]	N = 79163720250963932	8
[0,0,0,8519,29302729]	N = 92744084138921372	8
[0,1,0,-5945,583879]	N = 2106671822272	7
[0,0,0,-9217,300985]	N = 2744269156708	7
[0,0,0,-5947,982090]	N = 3150026885776	7
[0,0,0,7901,16916446]	N = 3773661536782	7
[0,0,0,2348,843760]	N = 4818478596992	7
[0,0,0,-7399,677386]	N = 5384379721048	7
[0,1,0,-9690,430969]	N = 5801960546812	7
[0,1,0,-9952,1027716]	N = 6189683683504	7
[0,0,0,-8677,1199125]	N = 6297416336164	7
[0,-1,0,-8402,516849]	N = 6349119090708	7
[0,0,0,-3367,705610]	N = 6645112609624	7
[0,0,0,-8029,40069]	N = 8108014660036	7
[0,1,0,-9025,1058064]	N = 8448591469084	7
[0,0,0,-2527,808930]	N = 8801691081784	7
[0,0,0,-9517,206725]	N = 9176371495108	7
[0,1,0,-9325,459924]	N = 10179922523692	7
[0,1,0,-5550,344569]	N = 10224912017692	7
[0,0,0,3701,1262794]	N = 10814572714544	7
[0,0,0,-9412,1383040]	N = 12077628558272	7
[0,1,0,9098,36969]	N = 12172245070684	7
[0,0,0,-8467,1384930]	N = 12339709974512	7
[0,1,0,7423,1941391]	N = 12892448229152	7
[0,0,0,-1939,15908014]	N = 13345162879018	7
[0,0,0,-6916,417049]	N = 13491632454572	7
[0,1,0,8575,1896784]	N = 13706149453148	7
[0,0,0,-2044,360361]	N = 13888250215724	7
[0,0,0,-4732,1091380]	N = 15868072887064	7
[0,1,0,-9925,12282579]	N = 15904495023883	7
[0,1,0,-4876,2498640]	N = 16832202186040	7
[0,1,0,-8332,1161456]	N = 17141441472728	7
[0,0,0,-9916,552721]	N = 17393877018092	7
[0,0,0,-9417,1254625]	N = 17404387105788	7
[0,-1,0,-5217,3941361]	N = 17437028738784	7
[0,0,0,7028,1128340]	N = 17881805572504	7
[0,0,0,-7204,1183876]	N = 18173351324248	7
[0,-1,0,-9697,4083601]	N = 18578597085024	7
[0,0,0,-5167,1228690]	N = 20104772082424	7
[0,1,0,-5497,465264]	N = 20905207934764	7
[0,0,0,-6232,482665]	N = 21287677133612	7
[0,-1,0,5738,749641]	N = 21341387208948	7
[0,0,0,-1092,3773540]	N = 21359116826136	7
[0,0,0,-4,1267876]	N = 21701378943448	7
[0,0,0,-5356,473425]	N = 21747834379244	7
[0,0,0,564,1405361]	N = 23700793428108	7
[0,-1,0,-3792,4629024]	N = 24084092081904	7
[0,-1,0,-4529,4686273]	N = 24674896204512	7
[0,-1,0,2328,9950976]	N = 24759808686672	7
[0,1,0,1660,1357504]	N = 24866899804664	7
[0,1,0,-6820,5941824]	N = 25071128772776	7
[0,1,0,-785,1379059]	N = 25683128322584	7
[0,1,0,-3280,1954404]	N = 25776499933552	7
[0,1,0,-7557,2172916]	N = 26537154308836	7
[0,0,0,716,3771364]	N = 27430535828584	7
[0,-1,0,1943,3522169]	N = 27925476521088	7
[0,1,0,-2081,3239875]	N = 28349865069880	7
[0,1,0,3743,5992611]	N = 28512160599064	7
[0,1,0,-3361,6503535]	N = 28555818005920	7
[0,-1,0,8563,19381209]	N = 29159605636212	7
[0,0,0,-7648,1199353]	N = 29638961100220	7
[0,1,0,7768,2139076]	N = 31279560204784	7
[0,0,0,-9804,23814484]	N = 31499446751496	7
[0,1,0,3295,6137119]	N = 31772291140544	7
[0,0,0,2513,1581490]	N = 33796733410744	7
[0,0,0,-6916,13543300]	N = 33911254271896	7
[0,-1,0,-5981,2181606]	N = 33976852841940	7
[0,0,0,-4999,1602826]	N = 34432340984728	7
[0,-1,0,6143,5533969]	N = 34517044222944	7
[0,0,0,-9424,666289]	N = 34554236571884	7
[0,-1,0,-4300,2779396]	N = 34673825752008	7
[0,1,0,-8772,1645024]	N = 35312264207288	7
[0,-1,0,1639,6281661]	N = 35520101936040	7
[0,-1,0,-9480,4000896]	N = 35675237778384	7
[0,-1,0,-1889,2829765]	N = 36013532333448	7
[0,-1,0,2628,2835684]	N = 36219420341256	7
[0,-1,0,-1812,23244516]	N = 36287365952568	7
[0,0,0,-8587,3304090]	N = 36528323248336	7
[0,0,0,-9652,14562340]	N = 37156301204792	7
[0,1,0,-4452,1669984]	N = 37539854925368	7
[0,0,0,5876,1662676]	N = 37726400715928	7
[0,0,0,-6832,19194640]	N = 38853312343163	7
[0,0,0,-307,27289870]	N = 39273240251794	7
[0,1,0,943,3428959]	N = 39675584895392	7
[0,0,0,-7972,4583140]	N = 40365219988072	7
[0,0,0,1652,21987472]	N = 40791059398720	7
[0,0,0,-9559,1782586]	N = 41150876112088	7
[0,0,0,-2164,1775236]	N = 42524480978008	7
[0,-1,0,-9000,4441536]	N = 44083325621904	7
[0,0,0,5708,2557360]	N = 44331582499712	7
[0,0,0,-3276,16331220]	N = 44450589667608	7
[0,-1,0,-6985,1150066]	N = 45604998189924	7
[0,-1,0,428,3196516]	N = 45983869855656	7
[0,0,0,1248,7856260]	N = 46290831864588	7
[0,-1,0,3428,3247876]	N = 47529395706696	7
[0,0,0,-2604,23644244]	N = 49327734568536	7
[0,0,0,-304,1789489]	N = 49406400807092	7
[0,-1,0,460,9965316]	N = 49655295973032	7
[0,0,0,-8479,1944034]	N = 49800951635128	7
[0,-1,0,-6120,19423296]	N = 49917072909072	7
[0,1,0,-7065,721744]	N = 50983400000812	7
[0,1,0,5171,2475636]	N = 51015236214748	7
[0,0,0,-7189,727261]	N = 51177486432764	7
[0,0,0,-6493,1555117]	N = 51361236031180	7
[0,0,0,-8113,1568113]	N = 51405120548140	7
[0,-1,0,4996,16281444]	N = 51878762131512	7
[0,-1,0,-745,3400621]	N = 52031125925448	7
[0,1,0,-7121,12453679]	N = 52346164487360	7
[0,0,0,-6349,728941]	N = 53291507175164	7
[0,1,0,9623,2844711]	N = 55391473585024	7
[0,0,0,-3691,4060666]	N = 55625261092816	7
[0,-1,0,3288,4988736]	N = 56033296151568	7
[0,0,0,-1831,6767146]	N = 56200936383944	7
[0,0,0,-2044,2045044]	N = 56442687583768	7
[0,0,0,-8467,32842030]	N = 56874498500254	7
[0,0,0,-3844,26696356]	N = 56930619048472	7
[0,0,0,9116,9667216]	N = 57416294809984	7
[0,0,0,-8227,33142750]	N = 57921295634014	7
[0,0,0,-9352,813025]	N = 58302241912172	7
[0,0,0,-4221,2239821]	N = 60067879769628	7
[0,0,0,7836,32935876]	N = 60269067212616	7
[0,0,0,-8281,5276761]	N = 61185477760988	7
[0,0,0,-8079,3712626]	N = 61674617653416	7
[0,-1,0,-8882,1373961]	N = 63929612536788	7
[0,1,0,-6425,7854379]	N = 64058142801848	7
[0,-1,0,-8129,3792933]	N = 64287908521608	7
[0,0,0,3821,3093154]	N = 64637098013744	7
[0,1,0,1783,2206171]	N = 65683008524888	7
[0,0,0,908,7334020]	N = 66012496690184	7
[0,1,0,615,2218219]	N = 66414881303384	7
[0,-1,0,1320,5495616]	N = 67965685242384	7
[0,-1,0,-7017,5524281]	N = 68491461153408	7
[0,-1,0,-5677,3656086]	N = 68533821354684	7
[0,0,0,-7111,6028234]	N = 69980787917992	7
[0,0,0,1148,807145]	N = 70384376771372	7
[0,0,0,-8017,853945]	N = 70511647752092	7
[0,0,0,-5092,4373305]	N = 71154261774748	7
[0,-1,0,-6052,3996004]	N = 71635879097256	7
[0,0,0,2093,30921250]	N = 72515102856688	7
[0,0,0,236,2326276]	N = 73056086668888	7
[0,-1,0,-8369,11426385]	N = 73356569351616	7
[0,-1,0,4055,5731321]	N = 73965173879424	7
[0,1,0,2140,2342944]	N = 74081196908984	7
[0,0,0,-2932,832705]	N = 74483657813612	7
[0,0,0,-8452,886465]	N = 75208106929772	7
[0,0,0,6668,16032160]	N = 75445652843584	7
[0,0,0,-5668,1877833]	N = 75584453758780	7
[0,0,0,-1911,7138330]	N = 76432081934232	7
[0,-1,0,-3537,11809809]	N = 78433415685312	7
[0,-1,0,-9222,1527561]	N = 79482853103988	7
[0,0,0,-3367,8803210]	N = 80471268757048	7
[0,0,0,8036,2443444]	N = 81638537146648	7
[0,0,0,-2892,13608785]	N = 82309087027044	7
[0,-1,0,-9585,17805141]	N = 83853213506184	7
[0,-1,0,4618,6307401]	N = 84319018151604	7
[0,0,0,-7252,3873145]	N = 84949102065188	7
[0,1,0,-9620,32653504]	N = 85180115219576	7
[0,1,0,-3761,18661939]	N = 85493506842920	7
[0,-1,0,9063,6211881]	N = 87154374811008	7
[0,0,0,-5551,2557234]	N = 87940424766904	7
[0,-1,0,4444,9922500]	N = 88648563019080	7
[0,0,0,-7477,942565]	N = 89262217910972	7
[0,0,0,-6937,940465]	N = 90182083369052	7
[0,0,0,-9849,2771161]	N = 90453545078076	7
[0,1,0,-7840,12142404]	N = 90468438277712	7
[0,0,0,-8044,3061969]	N = 91294794196804	7
[0,0,0,3053,13839730]	N = 92350772151568	7
[0,1,0,-6905,11403499]	N = 92399335766216	7
[0,0,0,-3892,3701680]	N = 92432480342912	7
[0,-1,0,3155,1616206]	N = 94326236326884	7
[0,0,0,-2812,10908820]	N = 94499253252632	7
[0,0,0,-7027,7580530]	N = 96884488116848	7
[0,-1,0,7390,6794841]	N = 97968975329172	7
[0,0,0,8169,8134234]	N = 99369785992536	7
[0,-1,0,6711,6669513]	N = 100253289839424	7
[0,0,0,-6636,16367200]	N = 100440728651808	7
[0,1,0,7575,15069384]	N = 100922056742244	7
[0,-1,0,4484,10632580]	N = 101787206376360	7
[0,0,0,9332,6140308]	N = 102124207761080	7
[0,-1,0,2503,6747321]	N = 102464823674688	7
[0,0,0,-5227,5518330]	N = 102703980396496	7
[0,0,0,8561,13250674]	N = 103112598406856	7
[0,-1,0,6863,4813429]	N = 104575538670216	7
[0,-1,0,2708,4837924]	N = 105377326667016	7
[0,0,0,-7252,13129840]	N = 105751756435072	7
[0,-1,0,-1057,4849861]	N = 105829013120136	7
[0,-1,0,-3160,6907456]	N = 107310871240464	7
[0,0,0,-6727,2829130]	N = 107444855992984	7
[0,1,0,5255,14186475]	N = 108663051345560	7
[0,-1,0,-3572,4931364]	N = 109349345271336	7
[0,1,0,-7426,9822849]	N = 109678346542340	7
[0,0,0,9983,18764905]	N = 110918535807044	7
[0,-1,0,-760,9968656]	N = 111790108270032	7
[0,-1,0,8570,1735441]	N = 112136956606644	7
[0,0,0,-1939,4076194]	N = 112146373199024	7
[0,0,0,-1911,8673050]	N = 112831143604632	7
[0,0,0,-2149,1028989]	N = 114193590885884	7
[0,-1,0,3038,4724041]	N = 114841460669964	7
[0,0,0,-1159,2940106]	N = 116693900706328	7
[0,0,0,2828,5600785]	N = 116834188870108	7
[0,-1,0,1660,33472356]	N = 117254964929016	7
[0,0,0,-3679,2956066]	N = 117867812819128	7
[0,-1,0,815,30901666]	N = 118953196452516	7
[0,-1,0,-1605,1819206]	N = 119050237209444	7
[0,0,0,7943,1018585]	N = 120069804093212	7
[0,-1,0,-2552,7308096]	N = 120135082566288	7
[0,-1,0,-8297,5196909]	N = 121025234851656	7
[0,-1,0,3943,5209149]	N = 122211031363656	7
[0,0,0,-9457,7533505]	N = 124813607618588	7
[0,0,0,-9523,13634578]	N = 125397297401840	7
[0,0,0,-2884,3048676]	N = 125426767178968	7
[0,1,0,-2650,29100929]	N = 125468552203548	7
[0,0,0,-9079,3068026]	N = 125575845745048	7
[0,0,0,-9604,20940676]	N = 125917853580584	7
[0,1,0,2924,24704640]	N = 126749378824120	7
[0,-1,0,-9977,7612089]	N = 129928804454208	7
[0,0,0,-8589,17222789]	N = 131791374017748	7
[0,0,0,-9247,3150850]	N = 132444685629304	7
[0,0,0,-997,15853525]	N = 133714697909044	7
[0,-1,0,4660,5466276]	N = 134604654292488	7
[0,0,0,7713,9481410]	N = 134947669874616	7
[0,-1,0,-1697,11027121]	N = 136782221010144	7
[0,1,0,-7625,3226939]	N = 139912108222424	7
[0,1,0,4515,30813084]	N = 140646968513868	7
[0,0,0,-9949,1206661]	N = 141494876685884	7
[0,0,0,-364,10746004]	N = 141721275464648	7
[0,1,0,8475,7878964]	N = 142752417249236	7
[0,0,0,-7564,13102384]	N = 144794547667648	7
[0,0,0,-532,4632160]	N = 144833966724032	7
[0,0,0,-1123,14667778]	N = 145221863608880	7
[0,0,0,3948,9839140]	N = 145226688644376	7
[0,-1,0,-105,15038541]	N = 145386424485624	7
[0,-1,0,-7481,26749449]	N = 146319050689152	7
[0,0,0,3863,1168105]	N = 148285029937052	7
[0,0,0,-7807,25482370]	N = 148564225075496	7
[0,-1,0,-9785,8159481]	N = 149366479174464	7
[0,0,0,-6349,1200181]	N = 151472087913404	7
[0,-1,0,-8417,9051714]	N = 154978840399692	7
[0,-1,0,9343,5858661]	N = 155165493747336	7
[0,0,0,1388,12698800]	N = 155500634823296	7
[0,0,0,9068,3392740]	N = 156885541877464	7
[0,1,0,3384,10804420]	N = 157567759566320	7
[0,0,0,-4767,15796130]	N = 160393933657944	7
[0,0,0,-3889,1222369]	N = 160430989243484	7
[0,-1,0,-7592,8476224]	N = 161411941313808	7
[0,0,0,-3724,3459604]	N = 161476317622168	7
[0,0,0,-9084,20798336]	N = 162172398021408	7
[0,0,0,-9604,23602384]	N = 163450162538368	7
[0,-1,0,1590,8847441]	N = 165784626295572	7
[0,1,0,5135,7023039]	N = 166451942381216	7
[0,0,0,-2604,21079136]	N = 166622759481888	7
[0,1,0,1580,15316224]	N = 166668989955176	7
[0,1,0,-7972,12703776]	N = 167585243188376	7
[0,0,0,-4087,16926970]	N = 168170204159528	7
[0,-1,0,-4916,6147684]	N = 169903205869224	7
[0,0,0,-1519,3564466]	N = 171516131416888	7
[0,-1,0,-8572,6187396]	N = 171698371183176	7
[0,-1,0,1856,8783440]	N = 173611422051024	7
[0,1,0,-9312,5125444]	N = 176730974723824	7
[0,1,0,-6465,32752899]	N = 178808921617944	7
[0,-1,0,4419,4981950]	N = 178900453505940	7
[0,-1,0,-3305,7446546]	N = 181404950277804	7
[0,0,0,-5572,3676900]	N = 182168523916504	7
[0,-1,0,-2652,6380676]	N = 183145413364296	7
[0,0,0,6153,11059450]	N = 183518917885656	7
[0,-1,0,-30,7502121]	N = 184194550933404	7
[0,1,0,-2780,9777424]	N = 184396421136872	7
[0,0,0,-7644,31462544]	N = 185592282260544	7
[0,-1,0,6718,2263641]	N = 186448472302548	7
[0,0,0,-2164,6301849]	N = 186472797732148	7
[0,0,0,8853,31765210]	N = 189212130058032	7
[0,0,0,-4837,14904709]	N = 191923417065580	7
[0,-1,0,4100,6535876]	N = 192355869342408	7
[0,-1,0,-5945,6581661]	N = 194674706443848	7
[0,-1,0,-741,5206230]	N = 195135824640660	7
[0,1,0,2700,3826144]	N = 197577996476024	7
[0,0,0,7533,16276770]	N = 198747427701168	7
[0,-1,0,2183,6652669]	N = 199211520180936	7
[0,0,0,-6151,10168426]	N = 199341790723432	7
[0,-1,0,-8005,2376526]	N = 200131063675044	7
[0,-1,0,2735,6684661]	N = 201149597966088	7
[0,0,0,-4039,3869386]	N = 201992217606808	7
[0,0,0,-57,4124905]	N = 204178094779068	7
[0,1,0,4319,8707875]	N = 204697666035640	7
[0,0,0,4793,3899050]	N = 205455194914264	7
[0,0,0,-2716,3907060]	N = 206039020893208	7
[0,0,0,9233,3903250]	N = 207251562498424	7
[0,-1,0,-2445,8663526]	N = 207804168905268	7
[0,-1,0,4903,6849981]	N = 211329403263816	7
[0,-1,0,1788,6881796]	N = 213156742425576	7
[0,-1,0,-2870,17082201]	N = 214358254542516	7
[0,0,0,-2128,3192073]	N = 220058692322620	7
[0,1,0,-420,24595264]	N = 220719122233112	7
[0,-1,0,-6745,9926761]	N = 221513584804224	7
[0,-1,0,-2830,2482321]	N = 221539527536244	7
[0,0,0,-6559,16720546]	N = 221983561623224	7
[0,-1,0,3908,18661444]	N = 223911610912248	7
[0,0,0,-259,8145826]	N = 223946365438192	7
[0,0,0,1703,3837745]	N = 227247712411076	7
[0,-1,0,3330,2527641]	N = 230401804562484	7
[0,-1,0,8388,23768676]	N = 231206031539736	7
[0,0,0,-6253,3299773]	N = 234409264452940	7
[0,0,0,-2793,9900817]	N = 235255078678860	7
[0,0,0,-4212,19131940]	N = 235298608595064	7
[0,-1,0,9639,16270461]	N = 238468612699560	7
[0,0,0,-9589,17223229]	N = 240774221690828	7
[0,0,0,3413,8453050]	N = 241177311553936	7
[0,-1,0,-6540,7331076]	N = 241520707026888	7
[0,-1,0,-1577,11291634]	N = 241557241895052	7
[0,1,0,-2720,21604804]	N = 242378872391344	7
[0,0,0,4613,6106810]	N = 251826780113072	7
[0,0,0,-292,17098801]	N = 252606809044060	7
[0,0,0,6617,9708682]	N = 254613855993080	7
[0,0,0,-3268,9743908]	N = 256334145737720	7
[0,0,0,-5629,1556941]	N = 258945314396924	7
[0,0,0,-364,4402324]	N = 261636067656088	7
[0,0,0,-3367,4408330]	N = 262274199486424	7
[0,0,0,-6349,13860829]	N = 262596757853636	7
[0,-1,0,-7625,10878921]	N = 266017364560704	7
[0,1,0,-9806,14515225]	N = 267645541728940	7
[0,0,0,-532,22757920]	N = 268921505987264	7
[0,0,0,3548,20939920]	N = 269071486195072	7
[0,-1,0,7350,9865881]	N = 269841521798628	7
[0,-1,0,8823,11049561]	N = 275083964515968	7
[0,-1,0,-4866,6186105]	N = 275261445918660	7
[0,1,0,9735,31708459]	N = 276986185301336	7
[0,-1,0,-6009,11173113]	N = 280713481675584	7
[0,-1,0,-537,20953629]	N = 282244526237688	7
[0,0,0,-6487,4577530]	N = 282330081075544	7
[0,0,0,7296,12866569]	N = 283896231932628	7
[0,-1,0,-9025,10178746]	N = 286440150416628	7
[0,-1,0,-3096,25341696]	N = 288965182665360	7
[0,0,0,-208,3666457]	N = 290366760953020	7
[0,0,0,1316,4708756]	N = 299331729656728	7
[0,-1,0,8020,29550756]	N = 302359013175336	7
[0,-1,0,1620,8212356]	N = 303535300308168	7
[0,0,0,-6412,9487360]	N = 303651938559136	7
[0,-1,0,-2697,8231661]	N = 304841405307336	7
[0,-1,0,-1500,8238276]	N = 305372033425608	7
[0,1,0,-4970,15144849]	N = 305864593751292	7
[0,0,0,3276,21015081]	N = 311745062201868	7
[0,-1,0,4015,8376501]	N = 315889995665928	7
[0,0,0,9113,4870090]	N = 321703594621144	7
[0,-1,0,-1925,10005006]	N = 327554989833324	7
[0,0,0,6048,5232825]	N = 328982779692108	7
[0,-1,0,-6700,8564836]	N = 329731195619208	7
[0,0,0,-8212,6997600]	N = 329969446695872	7
[0,-1,0,8343,22787469]	N = 333952401829368	7
[0,-1,0,1063,8624541]	N = 334750482067656	7
[0,-1,0,-121,27373945]	N = 337198793570880	7
[0,0,0,-1872,15916905]	N = 337795857195372	7
[0,-1,0,-7345,8690581]	N = 339412209399048	7
[0,0,0,-9100,8881225]	N = 340262714962700	7
[0,-1,0,3470,3073081]	N = 340456496636244	7
[0,-1,0,7103,26388709]	N = 348271003667784	7
[0,-1,0,-8920,12486016]	N = 350372688876624	7
[0,0,0,6548,5124820]	N = 355122538514584	7
[0,0,0,-4,24482704]	N = 367815351570304	7
[0,-1,0,1300,9081636]	N = 371179382675208	7
[0,-1,0,-2837,3216294]	N = 372062896274148	7
[0,0,0,-4732,5262580]	N = 373667185239064	7
[0,-1,0,8900,9157636]	N = 378094805896008	7
[0,0,0,-5572,8983705]	N = 378851446885684	7
[0,-1,0,6015,18383121]	N = 380300726872032	7
[0,0,0,-343,11875258]	N = 380758715788280	7
[0,-1,0,-1444,9273028]	N = 386908532721768	7
[0,0,0,-84,15031289]	N = 387325112423508	7
[0,0,0,-5332,20203360]	N = 393576394035776	7
[0,-1,0,-6985,11033506]	N = 398082708010284	7
[0,0,0,9863,33357145]	N = 401962731115348	7
[0,0,0,5348,14481460]	N = 404489592540712	7
[0,0,0,6272,4326073]	N = 405031533262780	7
[0,0,0,3183,30414665]	N = 411136277609844	7
[0,0,0,-6907,20668090]	N = 411866801978576	7
[0,-1,0,8215,9609741]	N = 416168463363528	7
[0,0,0,-6244,20064964]	N = 418050050614456	7
[0,0,0,-5719,20149594]	N = 421592981977336	7
[0,0,0,5636,5598676]	N = 423517884264088	7
[0,0,0,8108,21058480]	N = 427697883084416	7
[0,0,0,152,4459897]	N = 429638726250940	7
[0,0,0,-5047,5659930]	N = 432212786188504	7
[0,-1,0,9910,3458361]	N = 436582401664404	7
[0,0,0,-1092,24129920]	N = 436689634719168	7
[0,1,0,-9585,5719219]	N = 440309933970584	7
[0,0,0,-567,17193690]	N = 443434423216536	7
[0,-1,0,-8402,3527241]	N = 444016726107348	7
[0,-1,0,-4745,9952461]	N = 445518753605448	7
[0,0,0,-7804,15211156]	N = 446095648235944	7
[0,-1,0,1860,9961956]	N = 446642423457288	7
[0,0,0,-1372,5753140]	N = 446826202842904	7
[0,0,0,1001,19097914]	N = 447623755868168	7
[0,-1,0,5044,22319556]	N = 448430976663720	7
[0,-1,0,5255,14268601]	N = 458245030127424	7
[0,0,0,-6517,32390725]	N = 458723686496036	7
[0,-1,0,-114,25190145]	N = 466193745343956	7
[0,-1,0,7164,23078340]	N = 479497018219080	7
[0,0,0,5348,5990260]	N = 484729318120984	7
[0,0,0,7703,23691361]	N = 485004930884620	7
[0,0,0,171,21093381]	N = 485378970274836	7
[0,0,0,-6573,14304053]	N = 490953265947180	7
[0,-1,0,-9620,10500996]	N = 495322527209448	7
[0,-1,0,6135,14839641]	N = 495697150153344	7
[0,0,0,-1900,30390100]	N = 498720867405400	7
[0,0,0,-2812,22114420]	N = 507853673095288	7
[0,0,0,-8688,14558713]	N = 508461531215580	7
[0,0,0,-4132,8707840]	N = 511758175504832	7
[0,-1,0,9828,28451556]	N = 520597337180088	7
[0,-1,0,-9697,10782949]	N = 522302357183496	7
[0,-1,0,887,24110797]	N = 523210400351400	7
[0,-1,0,4310,3830761]	N = 529113485546004	7
[0,-1,0,3715,13830966]	N = 529857604829748	7
[0,-1,0,3628,28780644]	N = 532544239044888	7
[0,-1,0,7210,10219881]	N = 537688874552172	7
[0,0,0,3881,6358906]	N = 545998666970968	7
[0,-1,0,-1262,3921201]	N = 553399914238068	7
[0,-1,0,7575,15704361]	N = 555233964304704	7
[0,0,0,6971,27412141]	N = 567548050966468	7
[0,-1,0,-4342,3993889]	N = 573388550400948	7
[0,0,0,-4179,27667874]	N = 574125329623536	7
[0,-1,0,-881,25335381]	N = 577679890514280	7
[0,1,0,-996,14632480]	N = 578121415210840	7
[0,-1,0,415,30315621]	N = 590814816446904	7
[0,-1,0,-2960,16223376]	N = 592114657178064	7
[0,0,0,-9324,21238281]	N = 601259321189484	7
[0,-1,0,-5905,11648341]	N = 610233684568968	7
[0,-1,0,6759,26059005]	N = 611311412616360	7
[0,-1,0,-1945,11799901]	N = 626495720002248	7
[0,0,0,-7273,5416897]	N = 632572806488620	7
[0,-1,0,-8668,26665732]	N = 639729612460200	7
[0,-1,0,-4041,26847405]	N = 648630942936360	7
[0,0,0,-4927,18340450]	N = 648683460663112	7
[0,0,0,-7167,20798530]	N = 648786466502136	7
[0,1,0,-5924,6952192]	N = 652450012033784	7
[0,0,0,-2548,15555172]	N = 653294498107640	7
[0,0,0,728,2463385]	N = 655378864341932	7
[0,-1,0,7999,26992485]	N = 655932604898280	7
[0,-1,0,-1346,9623121]	N = 666687311071620	7
[0,0,0,-5917,11918005]	N = 666820891850404	7
[0,-1,0,-25,17338921]	N = 676435252255104	7
[0,0,0,-8632,2537305]	N = 685004077815212	7
[0,0,0,-3433,15011593]	N = 695340813760180	7
[0,-1,0,-5032,24936976]	N = 699469015270224	7
[0,0,0,-8892,7771905]	N = 723580186315788	7
[0,1,0,-7401,23178199]	N = 725332338895040	7
[0,0,0,9557,23338858]	N = 735522675310960	7
[0,-1,0,-5945,4571466]	N = 750565912222884	7
[0,0,0,-367,30954130]	N = 760890300935672	7
[0,-1,0,5300,13094596]	N = 771915441812808	7
[0,0,0,-9919,7594786]	N = 776738661611128	7
[0,0,0,6287,15866713]	N = 776950138009780	7
[0,-1,0,3604,29383620]	N = 777127188222120	7
[0,1,0,-9396,17085280]	N = 788105488508440	7
[0,0,0,8792,6088057]	N = 802766629974460	7
[0,-1,0,-745,13369741]	N = 804344718792648	7
[0,0,0,1193,7734490]	N = 807604925933464	7
[0,-1,0,3540,13439556]	N = 812969786259528	7
[0,-1,0,255,26897841]	N = 813935724258912	7
[0,-1,0,9663,13556709]	N = 828024098466696	7
[0,0,0,1988,28388020]	N = 836876260557688	7
[0,-1,0,-7492,13823716]	N = 859336986847656	7
[0,0,0,-2188,6338137]	N = 867681262556860	7
[0,0,0,8163,22748805]	N = 887294935428804	7
[0,0,0,-3367,8174890]	N = 902112816649624	7
[0,0,0,4244,21634804]	N = 902718132502312	7
[0,-1,0,4180,14290116]	N = 919161244191048	7
[0,0,0,-2367,24782850]	N = 921281534169336	7
[0,-1,0,500,14352196]	N = 926956487118408	7
[0,-1,0,7180,14366916]	N = 929393448435048	7
[0,0,0,-9532,22278580]	N = 956970296512552	7
[0,-1,0,6900,14580036]	N = 957119319016008	7
[0,-1,0,7124,32813860]	N = 969262927826280	7
[0,-1,0,4303,14681109]	N = 970149947861256	7
[0,-1,0,-6561,32928165]	N = 975670357129320	7
[0,-1,0,-4625,13811466]	N = 980739505737852	7
[0,-1,0,-2137,20895529]	N = 982331806401408	7
[0,-1,0,-8030,13874481]	N = 989229782390892	7
[0,0,0,-8044,8734804]	N = 1028965823300248	7
[0,-1,0,4975,15355701]	N = 1061400248454408	7
[0,0,0,-3612,26880500]	N = 1083831448349016	7
[0,-1,0,-5858,27578937]	N = 1095062795142900	7
[0,-1,0,-5625,15639741]	N = 1100324154788808	7
[0,0,0,3353,9058570]	N = 1107854213942104	7
[0,-1,0,7708,15761796]	N = 1118623719475176	7
[0,0,0,7748,18465280]	N = 1150994720536096	7
[0,-1,0,6180,16112196]	N = 1168668925435848	7
[0,-1,0,-5337,16289469]	N = 1193698430525256	7
[0,-1,0,-3761,12982386]	N = 1213213760530260	7
[0,0,0,2588,13418560]	N = 1215407162958272	7
[0,-1,0,-7286,13024761]	N = 1220571564510180	7
[0,0,0,-9919,9585346]	N = 1238412789589048	7
[0,-1,0,-9340,16669636]	N = 1249435143820488	7
[0,0,0,2432,7635433]	N = 1259322511275580	7
[0,0,0,2633,25654330]	N = 1269284178878632	7
[0,0,0,2483,11387125]	N = 1273112676117172	7
[0,-1,0,-1850,6125361]	N = 1350415933764564	7
[0,0,0,-832,9437185]	N = 1374074363332916	7
[0,0,0,593,10159570]	N = 1393428061951864	7
[0,0,0,-5079,30649466]	N = 1409055533770392	7
[0,0,0,8537,22885162]	N = 1414321599252920	7
[0,0,0,-967,10323370]	N = 1438719761656024	7
[0,0,0,353,10325890]	N = 1439424145917304	7
[0,0,0,-9247,27524770]	N = 1460884805905672	7
[0,0,0,-2188,23483188]	N = 1488938130453560	7
[0,0,0,9672,24909473]	N = 1489478132235420	7
[0,0,0,-1648,28004353]	N = 1539968315954420	7
[0,-1,0,7250,23595961]	N = 1542295033572228	7
[0,-1,0,-5945,26590281]	N = 1590539679498624	7
[0,-1,0,-8066,15232905]	N = 1669548477233220	7
[0,-1,0,4219,15414606]	N = 1711184810224980	7
[0,0,0,-7207,11284330]	N = 1718288722512664	7
[0,-1,0,-1577,19551501]	N = 1720080234897096	7
[0,0,0,1508,11293780]	N = 1721924658870424	7
[0,0,0,9737,25370362]	N = 1738238486381240	7
[0,1,0,-825,11385739]	N = 1750156648289624	7
[0,0,0,497,25535602]	N = 1760580866761880	7
[0,-1,0,4835,25366966]	N = 1782225610969908	7
[0,0,0,-9412,16321600]	N = 1797329960257472	7
[0,-1,0,-940,20043076]	N = 1807704941231688	7
[0,0,0,-9532,11644660]	N = 1828842301527064	7
[0,-1,0,2334,16087041]	N = 1863502564537860	7
[0,0,0,8372,26476948]	N = 1893012412243640	7
[0,0,0,-6412,23818105]	N = 1976271343361492	7
[0,0,0,-7687,12104170]	N = 1976989124566744	7
[0,-1,0,-7900,21542596]	N = 2087536213931208	7
[0,0,0,6461,17834386]	N = 2147210648329904	7
[0,0,0,5663,4527505]	N = 2216722324210652	7
[0,0,0,-9583,28662418]	N = 2217790337474840	7
[0,0,0,-4417,16449625]	N = 2247873750947084	7
[0,0,0,1568,32094265]	N = 2270297572206188	7
[0,-1,0,-3852,23086116]	N = 2398054479086856	7
[0,0,0,6212,30555988]	N = 2521000572979640	7
[0,0,0,-3367,14017930]	N = 2652705538782424	7
[0,-1,0,4023,24994701]	N = 2811652899949896	7
[0,1,0,-100,14622624]	N = 2886598478314424	7
[0,0,0,-5548,11577553]	N = 2894711781699580	7
[0,-1,0,-3985,25490581]	N = 2923616790728328	7
[0,0,0,-5023,33008578]	N = 2941778105092760	7
[0,0,0,2828,14865700]	N = 2983397226950104	7
[0,-1,0,-2060,26506596]	N = 3161528684763528	7
[0,-1,0,-9781,22036606]	N = 3494373677354580	7
[0,-1,0,6508,28492356]	N = 3653904595808616	7
[0,1,0,-9901,13013940]	N = 3656982421506620	7
[0,-1,0,-9977,30923421]	N = 4301573165186376	7
[0,-1,0,5220,31069476]	N = 4344486872287368	7
[0,-1,0,2388,33139044]	N = 4942129531070856	7
[0,-1,0,-8430,12080961]	N = 5248546815488244	7
[0,0,0,7868,20796100]	N = 5839424109087064	7
[0,0,0,-4377,24641345]	N = 7286201525120508	7
[0,0,0,3353,24909130]	N = 8376349617254104	7
[0,0,0,7748,25926580]	N = 9075462179887384	7
[0,0,0,-304,27079369]	N = 11313651413972852	7
[0,0,0,-8752,-187760]	N = 6756532597	6
[0,0,0,-9907,306370]	N = 7208218544	6
[0,0,0,-4432,292240]	N = 7647224363	6
[0,0,0,-6064,331024]	N = 8072781371	6
[0,0,0,-1852,17620]	N = 8513095016	6
[0,0,0,-4732,135040]	N = 8566774816	6
[0,1,0,8923,31631539]	N = 8672512733	6
[0,0,0,-2107,52090]	N = 8961315632	6
[0,0,0,-9424,1218064]	N = 11031102407	6
[0,0,0,-7399,243274]	N = 11159256872	6
[0,0,0,-3367,80650]	N = 11468440024	6
[0,1,0,-2060,19504]	N = 11988629416	6
[0,0,0,-3964,73984]	N = 12670243808	6
[0,-1,0,-5520,629676]	N = 12981635841	6
[0,1,0,-7017,228391]	N = 13791163264	6
[0,-1,0,-6152,931596]	N = 14582015346	6
[0,0,0,-5044,11236]	N = 14997288616	6
[0,0,0,-5947,223210]	N = 15747104944	6
[0,1,0,-7625,251419]	N = 16064036776	6
[0,0,0,-4237,267205]	N = 16114208084	6
[0,1,0,-7937,267331]	N = 16143561832	6
[0,1,0,-8820,248704]	N = 16694501176	6
[0,0,0,-2437,47965]	N = 16896973052	6
[0,0,0,-5827,178450]	N = 17100172592	6
[0,0,0,-4732,130420]	N = 17710359064	6
[0,-1,0,-2305,77221]	N = 18134604168	6
[0,-1,0,-8220,296676]	N = 18472599048	6
[0,-1,0,-7120,215056]	N = 18555366576	6
[0,0,0,-412,39220]	N = 20625944344	6
[0,0,0,-6592,2510080]	N = 20625944344	6
[0,1,0,-8441,268759]	N = 20734445440	6
[0,0,0,-1729,23929]	N = 20859415396	6
[0,-1,0,-7060,220036]	N = 21394741272	6
[0,0,0,-2527,27490]	N = 22071523016	6
[0,0,0,113,40690]	N = 22354513144	6
[0,0,0,1808,2604160]	N = 22354513144	6
[0,0,0,9153,29663010]	N = 22354513144	6
[0,0,0,-7347,3924110]	N = 22470537294	6
[0,-1,0,-2970,58041]	N = 22597012716	6
[0,0,0,-4312,119185]	N = 22850449732	6
[0,1,0,-4101,1044499]	N = 22857511535	6
[0,0,0,-2044,54484]	N = 22995432088	6
[0,0,0,-6804,250596]	N = 24200375832	6
[0,-1,0,-1885,18526]	N = 24209051676	6
[0,0,0,-4387,94450]	N = 24215771728	6
[0,1,0,-1200,61924]	N = 24489518512	6
[0,-1,0,310,26601]	N = 25830602004	6
[0,-1,0,4955,1707421]	N = 25830602004	6
[0,0,0,2861,698734]	N = 25929416578	6
[0,1,0,-3761,131635]	N = 26394848440	6
[0,-1,0,-7625,234441]	N = 26794620096	6
[0,0,0,-2467,5538910]	N = 27419461406	6
[0,-1,0,-5900,157956]	N = 27445620792	6
[0,1,0,-2305,61539]	N = 27906202904	6
[0,1,0,-8094,286225]	N = 27907581748	6
[0,0,0,-9703,381802]	N = 28178442680	6
[0,0,0,-2452,2500]	N = 29399963816	6
[0,0,0,-9604,320356]	N = 29708246984	6
[0,1,0,-2785,30339]	N = 30019402216	6
[0,0,0,-8332,307840]	N = 30620461216	6
[0,-1,0,-2380,94756]	N = 30739068168	6
[0,-1,0,5755,927501]	N = 31361243241	6
[0,0,0,-2587,108970]	N = 31419467536	6
[0,1,0,-5820,288304]	N = 32300844328	6
[0,0,0,-9028,140548]	N = 34427853880	6
[0,0,0,-3892,57520]	N = 36621993088	6
[0,-1,0,-1542,40401]	N = 37707391668	6
[0,0,0,-6559,197506]	N = 37726299272	6
[0,-1,0,-760,1467436]	N = 37837962438	6
[0,0,0,-7372,101620]	N = 38933744488	6
[0,0,0,-9457,343465]	N = 41684189452	6
[0,0,0,-2359,246394]	N = 41754207112	6
[0,0,0,-5292,223380]	N = 41913746136	6
[0,0,0,9533,3212350]	N = 42380342758	6
[0,0,0,-5692,155380]	N = 42898918376	6
[0,-1,0,-7625,99306]	N = 43140764388	6
[0,-1,0,-3985,258946]	N = 43651345692	6
[0,0,0,-3967,77410]	N = 43961904776	6
[0,0,0,-3913,104737]	N = 45223183660	6
[0,0,0,-5239,157114]	N = 45653987608	6
[0,1,0,1055,1815599]	N = 45768013152	6
[0,-1,0,-5217,151146]	N = 46174011108	6
[0,0,0,-6652,190345]	N = 46855822484	6
[0,-1,0,-3832,229264]	N = 49094350224	6
[0,-1,0,-5652,126756]	N = 50221959384	6
[0,0,0,-4564,133444]	N = 50261449048	6
[0,0,0,-3997,177325]	N = 50516405956	6
[0,-1,0,-9900,367236]	N = 50909230392	6
[0,0,0,-6087,260170]	N = 51414221016	6
[0,0,0,-5772,181105]	N = 51721835148	6
[0,0,0,-7644,176564]	N = 52492074408	6
[0,0,0,-7519,429346]	N = 52851099208	6
[0,1,0,-9305,-183881]	N = 53194903168	6
[0,-1,0,-4400,193296]	N = 54395425104	6
[0,-1,0,-3917,87246]	N = 54718801692	6
[0,0,0,-9859,506914]	N = 55442753296	6
[0,0,0,-679,439594]	N = 55492613864	6
[0,0,0,-9664,6354496]	N = 55851127076	6
[0,1,0,-1240,16402704]	N = 56082273698	6
[0,-1,0,-9316,239716]	N = 57427545720	6
[0,-1,0,-9612,383364]	N = 58246859976	6
[0,0,0,-8212,270880]	N = 58504356928	6
[0,0,0,-9912,736585]	N = 59005349388	6
[0,0,0,-3472,1499200]	N = 59099414492	6
[0,0,0,-2653,2677]	N = 59598484340	6
[0,-1,0,-6561,331461]	N = 59916175080	6
[0,0,0,-9583,328882]	N = 59976564520	6
[0,0,0,-4033,82993]	N = 61133430740	6
[0,0,0,-7747,225250]	N = 61232737424	6
[0,1,0,-3033,135088]	N = 62156754700	6
[0,-1,0,2843,1327789]	N = 62189438457	6
[0,-1,0,-5490,163881]	N = 62715208404	6
[0,-1,0,-5620,202756]	N = 63234895848	6
[0,0,0,-6727,223210]	N = 63778980184	6
[0,0,0,-4852,110020]	N = 65041231016	6
[0,0,0,-2443,224458]	N = 65098795120	6
[0,-1,0,-5897,-33831]	N = 65483716992	6
[0,0,0,4112,9876112]	N = 66375831505	6
[0,0,0,-6964,119716]	N = 68855629976	6
[0,1,0,-9065,651799]	N = 69333623872	6
[0,-1,0,4871,657853]	N = 70142230632	6
[0,0,0,-4861,276565]	N = 70581664244	6
[0,0,0,-3853,108373]	N = 70645253260	6
[0,-1,0,-9221,329046]	N = 71335053420	6
[0,0,0,-6052,462400]	N = 71857533376	6
[0,0,0,-7204,246436]	N = 72123626968	6
[0,0,0,-6447,296530]	N = 72347977656	6
[0,0,0,-8337,303185]	N = 72888524028	6
[0,0,0,-6307,219250]	N = 73594880432	6
[0,0,0,-8647,300490]	N = 74110670696	6
[0,0,0,-5488,1884688]	N = 74409504415	6
[0,1,0,-7452,15376]	N = 74859842552	6
[0,-1,0,-7065,264861]	N = 74962847688	6
[0,0,0,-127,74530]	N = 74984635384	6
[0,0,0,-2032,4769920]	N = 74984635384	6
[0,0,0,-9804,833204]	N = 75630306312	6
[0,0,0,-7303,293098]	N = 76148658680	6
[0,-1,0,-9612,114084]	N = 76682227272	6
[0,0,0,-9751,273274]	N = 76920637816	6
[0,0,0,-9037,561445]	N = 76938977468	6
[0,1,0,-6400,222084]	N = 77160796912	6
[0,1,0,7375,7070079]	N = 77176977888	6
[0,1,0,-9585,349939]	N = 77874701416	6
[0,0,0,-5932,562420]	N = 78628400536	6
[0,0,0,-4612,532480]	N = 78946137664	6
[0,-1,0,-9145,364861]	N = 79161346248	6
[0,0,0,-5824,1746496]	N = 79654811564	6
[0,-1,0,-3740,160836]	N = 79724217288	6
[0,0,0,-4963,369538]	N = 79952326640	6
[0,0,0,-5092,672580]	N = 80039131288	6
[0,1,0,-8857,308331]	N = 81642940072	6
[0,1,0,-7700,-30176]	N = 82081265816	6
[0,1,0,3960,11260944]	N = 82544486874	6
[0,0,0,-9652,218080]	N = 82595498944	6
[0,0,0,-9927,447210]	N = 82604180376	6
[0,-1,0,-5777,218901]	N = 83296578696	6
[0,-1,0,-7016,656016]	N = 84627587280	6
[0,0,0,-3199,222754]	N = 86340938824	6
[0,0,0,-8053,285277]	N = 86692673740	6
[0,0,0,-6619,236314]	N = 86962994864	6
[0,-1,0,-8465,112641]	N = 87539130528	6
[0,0,0,713,386170]	N = 87562741928	6
[0,-1,0,-4300,178756]	N = 88477864008	6
[0,-1,0,423,198441]	N = 88753427328	6
[0,-1,0,6763,12706989]	N = 88753427328	6
[0,-1,0,-6980,437316]	N = 89246529624	6
[0,1,0,-8337,193939]	N = 90950266456	6
[0,0,0,-9268,431392]	N = 92017228480	6
[0,0,0,-5719,185914]	N = 92511987928	6
[0,0,0,-5572,136900]	N = 92978083496	6
[0,0,0,-3607,-6950]	N = 93205295336	6
[0,0,0,-5824,8294464]	N = 95433769316	6
[0,-1,0,2623,136581]	N = 97049233416	6
[0,0,0,-6307,1008610]	N = 97291970224	6
[0,0,0,-4207,61330]	N = 98139635336	6
[0,0,0,-3892,38020]	N = 98394891176	6
[0,-1,0,-4365,276246]	N = 98900052348	6
[0,-1,0,-8480,369936]	N = 99940016784	6
[0,0,0,-4332,282580]	N = 101711566296	6
[0,-1,0,-7860,224676]	N = 101876538072	6
[0,0,0,7553,665890]	N = 102205855912	6
[0,0,0,-9481,345865]	N = 102373699708	6
[0,0,0,-8788,-157088]	N = 102424128320	6
[0,-1,0,-9725,220686]	N = 103344342756	6
[0,-1,0,-2705,433041]	N = 103393701696	6
[0,0,0,-6559,417154]	N = 104993708024	6
[0,0,0,-8284,171796]	N = 105505159256	6
[0,0,0,-7399,2821066]	N = 105887250344	6
[0,1,0,-6740,228544]	N = 106614033464	6
[0,0,0,-9772,382420]	N = 108012926104	6
[0,-1,0,-3985,81106]	N = 108471702876	6
[0,-1,0,-8720,962256]	N = 108808595472	6
[0,-1,0,-5865,281961]	N = 109147470144	6
[0,0,0,-8164,269284]	N = 109338549032	6
[0,0,0,-4612,442000]	N = 110964295552	6
[0,1,0,-9025,223299]	N = 111277658968	6
[0,1,0,-9221,597004]	N = 112102958980	6
[0,0,0,-7812,863460]	N = 112489032024	6
[0,0,0,-9804,1474036]	N = 112954192776	6
[0,-1,0,-9312,266256]	N = 113377018992	6
[0,0,0,-5968,161617]	N = 116006496260	6
[0,1,0,-5665,7512899]	N = 116142163224	6
[0,-1,0,-7172,585156]	N = 116572230456	6
[0,0,0,-457,821881]	N = 116721948380	6
[0,-1,0,-1317,152766]	N = 117590488764	6
[0,-1,0,-7492,191524]	N = 119598644184	6
[0,-1,0,-2645,282486]	N = 119830722108	6
[0,0,0,-8839,333514]	N = 120481053208	6
[0,0,0,-3367,120970]	N = 121214238424	6
[0,0,0,-3412,117385]	N = 121801662836	6
[0,0,0,-8911,-71726]	N = 122338178776	6
[0,-1,0,2555,4956301]	N = 123427726863	6
[0,1,0,-8440,14645904]	N = 124300046234	6
[0,0,0,9303,1367345]	N = 126280108332	6
[0,0,0,-3639,304954]	N = 128786789592	6
[0,0,0,-9223,405322]	N = 129754884920	6
[0,-1,0,-3852,194436]	N = 129770868936	6
[0,-1,0,-6050,172881]	N = 130230467436	6
[0,0,0,-7819,1550986]	N = 130243679984	6
[0,0,0,956,260164]	N = 130785584104	6
[0,-1,0,-8745,204201]	N = 131789136576	6
[0,-1,0,-5545,482221]	N = 132104031864	6
[0,0,0,7373,4196110]	N = 133091901502	6
[0,-1,0,-1746,139545]	N = 133356193860	6
[0,0,0,-9703,293098]	N = 133460647240	6
[0,-1,0,-6285,392526]	N = 134303720604	6
[0,0,0,-4837,4416541]	N = 134708442140	6
[0,-1,0,-9832,5569996]	N = 135560458074	6
[0,0,0,-3283,455218]	N = 136337366960	6
[0,0,0,-988,226612]	N = 138267323960	6
[0,0,0,-5587,5865070]	N = 139434594598	6
[0,-1,0,1728,898704]	N = 140100292176	6
[0,-1,0,-4846,192721]	N = 141539757540	6
[0,0,0,-7207,256810]	N = 141668179864	6
[0,0,0,-7543,103258]	N = 142881193480	6
[0,-1,0,-6932,133956]	N = 144112095384	6
[0,0,0,-5767,321610]	N = 144677755432	6
[0,0,0,-6400,70225]	N = 146467861300	6
[0,-1,0,-6100,30436]	N = 147715291992	6
[0,0,0,-3684,2311184]	N = 148171229568	6
[0,1,0,1850,1005449]	N = 149722322748	6
[0,-1,0,-7340,306276]	N = 151737796488	6
[0,0,0,-5929,450241]	N = 153377466044	6
[0,-1,0,3995,11253421]	N = 153570864189	6
[0,0,0,-7077,634525]	N = 155605226004	6
[0,0,0,-3724,138484]	N = 155610371608	6
[0,0,0,-6973,207397]	N = 155856188660	6
[0,0,0,-9052,575380]	N = 157153718536	6
[0,-1,0,-9725,300246]	N = 157291977876	6
[0,-1,0,-6257,31221]	N = 159514120824	6
[0,0,0,-3172,479620]	N = 160086655816	6
[0,0,0,-8967,-1910]	N = 160219053864	6
[0,-1,0,-4545,270666]	N = 162083345268	6
[0,-1,0,-8822,393129]	N = 165329825628	6
[0,1,0,-7460,1423744]	N = 165406071544	6
[0,0,0,-84,1726756]	N = 165649233096	6
[0,-1,0,-9558,113337]	N = 168824885100	6
[0,0,0,-9652,568105]	N = 169167105932	6
[0,0,0,-6084,1024164]	N = 169258165848	6
[0,0,0,-8652,331985]	N = 171166413708	6
[0,-1,0,8223,1044549]	N = 171171231096	6
[0,-1,0,-6162,356409]	N = 172230014172	6
[0,0,0,-7000,103225]	N = 173488669300	6
[0,-1,0,-6425,3091026]	N = 174435821124	6
[0,0,0,-8949,62309]	N = 175357667772	6
[0,-1,0,-7492,155236]	N = 175407531864	6
[0,0,0,-6327,393210]	N = 175637669976	6
[0,0,0,-5212,88180]	N = 178195258856	6
[0,-1,0,-4276,461476]	N = 180055036680	6
[0,1,0,5535,28409859]	N = 184508546136	6
[0,0,0,-3472,468961]	N = 184657359580	6
[0,1,0,-8645,11933139]	N = 185381331483	6
[0,-1,0,-6306,108081]	N = 186654957180	6
[0,1,0,-3985,1543059]	N = 189779237336	6
[0,-1,0,-4020,689796]	N = 189959216568	6
[0,-1,0,8475,4639581]	N = 190213797684	6
[0,0,0,-832,111505]	N = 190512648116	6
[0,0,0,-6832,80545]	N = 191374857356	6
[0,0,0,4028,1881664]	N = 191718435520	6
[0,0,0,-8172,1506420]	N = 193098615768	6
[0,0,0,-532,4244656]	N = 194584488320	6
[0,1,0,8615,18740199]	N = 194828595776	6
[0,0,0,-6448,10970128]	N = 195204794395	6
[0,0,0,-8911,592210]	N = 195261700664	6
[0,0,0,-8839,27274]	N = 195871875416	6
[0,-1,0,5688,11071116]	N = 195978278166	6
[0,1,0,663,3268251]	N = 197778956952	6
[0,-1,0,-7100,96996]	N = 198344806392	6
[0,0,0,-8892,800640]	N = 201324727584	6
[0,0,0,-8247,467930]	N = 203792552856	6
[0,0,0,-9156,6404996]	N = 206617474008	6
[0,-1,0,-6820,27556]	N = 208630945752	6
[0,-1,0,-7560,5700096]	N = 212525625648	6
[0,-1,0,-7717,384286]	N = 214928215476	6
[0,0,0,-5977,75865]	N = 214985719156	6
[0,-1,0,-8472,1517184]	N = 215529458736	6
[0,-1,0,-1865,475146]	N = 218151959892	6
[0,1,0,-8692,1184096]	N = 218609171448	6
[0,-1,0,-7765,-38594]	N = 221481106836	6
[0,-1,0,-8150,112641]	N = 222956235876	6
[0,0,0,-732,13360880]	N = 224638913088	6
[0,0,0,-9268,448708]	N = 225181948280	6
[0,0,0,-8212,2396080]	N = 226031381888	6
[0,-1,0,935,223741]	N = 226442390088	6
[0,-1,0,-6540,305316]	N = 226998561288	6
[0,0,0,-7525,340525]	N = 228226420700	6
[0,0,0,-4228,147577]	N = 228570858940	6
[0,0,0,-5439,4306466]	N = 229609243512	6
[0,0,0,-9444,528676]	N = 232069202712	6
[0,-1,0,-4741,19072141]	N = 232459830735	6
[0,-1,0,-7065,22941]	N = 233222265912	6
[0,0,0,-2896,448009]	N = 233937268292	6
[0,-1,0,-4980,267876]	N = 236565273768	6
[0,0,0,-3967,364450]	N = 238323324232	6
[0,0,0,-5548,384553]	N = 240706236980	6
[0,1,0,-3865,1463979]	N = 242597591656	6
[0,0,0,-6916,597796]	N = 244868330072	6
[0,-1,0,-9345,422181]	N = 246155079048	6
[0,-1,0,-3920,13425216]	N = 249650819376	6
[0,-1,0,-4156,538756]	N = 250316958120	6
[0,-1,0,4519,737625]	N = 251992672320	6
[0,-1,0,-5945,382281]	N = 255362058624	6
[0,0,0,-3877,158965]	N = 256676442596	6
[0,0,0,-6748,375028]	N = 256834769720	6
[0,0,0,-1092,414340]	N = 257227082136	6
[0,-1,0,-5820,298116]	N = 263293311048	6
[0,0,0,7308,6812100]	N = 267026024376	6
[0,0,0,-4900,1003600]	N = 267241539200	6
[0,1,0,-8260,468864]	N = 267921971912	6
[0,0,0,-1092,425540]	N = 271337066136	6
[0,0,0,2951,2470249]	N = 274652740124	6
[0,1,0,8823,5443911]	N = 275054595456	6
[0,0,0,-403,5108398]	N = 275228301410	6
[0,0,0,-7588,1494937]	N = 277363263580	6
[0,0,0,8988,517520]	N = 281546644608	6
[0,0,0,3053,539170]	N = 284387197136	6
[0,1,0,-8940,500464]	N = 284637330152	6
[0,0,0,-5968,7359808]	N = 285479031820	6
[0,0,0,-5079,2313466]	N = 296261927496	6
[0,0,0,-9325,1630525]	N = 296385181100	6
[0,0,0,-9324,1380564]	N = 297644669208	6
[0,-1,0,-8185,386941]	N = 298677104328	6
[0,0,0,-9412,280960]	N = 300934001728	6
[0,-1,0,4975,227061]	N = 317479321608	6
[0,0,0,-5587,800290]	N = 319133597744	6
[0,0,0,-8476,2291956]	N = 321191086552	6
[0,0,0,-9583,105682]	N = 321862213480	6
[0,0,0,-4017,857905]	N = 322843601844	6
[0,1,0,484,3811984]	N = 324223349560	6
[0,-1,0,-5217,307269]	N = 325389228936	6
[0,0,0,-7969,310249]	N = 328334741252	6
[0,0,0,-2719,416866]	N = 329398587784	6
[0,-1,0,-5681,631125]	N = 331888178280	6
[0,-1,0,-4060,729316]	N = 334293758904	6
[0,0,0,-5332,443620]	N = 336228942952	6
[0,0,0,3875,733525]	N = 337379044100	6
[0,1,0,-1850,13668249]	N = 341722820508	6
[0,0,0,-937,1937665]	N = 342753819044	6
[0,0,0,-964,4176016]	N = 343186863488	6
[0,0,0,-9388,5801713]	N = 348774949420	6
[0,0,0,-4467,3549890]	N = 349680939984	6
[0,1,0,-1308,809488]	N = 354048421400	6
[0,0,0,-1612,1342720]	N = 357804879008	6
[0,-1,0,-697,1024861]	N = 363396986472	6
[0,-1,0,-8172,1764]	N = 363866444664	6
[0,0,0,9321,3445594]	N = 367104828888	6
[0,-1,0,-933,16166637]	N = 367523400225	6
[0,1,0,7848,31007124]	N = 370891636464	6
[0,0,0,-9139,849346]	N = 373279262224	6
[0,0,0,-8788,491812]	N = 381598233080	6
[0,-1,0,-2172,1052676]	N = 382529125992	6
[0,0,0,-8512,398905]	N = 385149827108	6
[0,-1,0,-8745,-94419]	N = 403267732152	6
[0,-1,0,-9585,927441]	N = 407114078016	6
[0,0,0,-9243,5007258]	N = 415927439280	6
[0,0,0,893,658450]	N = 418173976976	6
[0,-1,0,-9356,769956]	N = 420027106920	6
[0,-1,0,1348,1860516]	N = 421243091688	6
[0,1,0,-7856,8729700]	N = 423230846160	6
[0,0,0,-567,531450]	N = 423618146136	6
[0,0,0,-52,470500]	N = 426928299112	6
[0,0,0,-832,30112000]	N = 426928299112	6
[0,-1,0,-2762,366609]	N = 427435345788	6
[0,0,0,-5719,752986]	N = 428249096984	6
[0,0,0,-7948,485428]	N = 435396624440	6
[0,0,0,-247,970810]	N = 438735952376	6
[0,0,0,4700,892900]	N = 438831861400	6
[0,1,0,-1521,7693555]	N = 442755644920	6
[0,1,0,-1640,3992004]	N = 442772431824	6
[0,0,0,-9268,2399008]	N = 447668039360	6
[0,0,0,-7612,2654740]	N = 451009966616	6
[0,0,0,-1567,12541090]	N = 452045555192	6
[0,-1,0,-780,7956900]	N = 455817949320	6
[0,1,0,-9921,2297304]	N = 457611736020	6
[0,0,0,-147,4063970]	N = 458773658064	6
[0,0,0,7188,20734400]	N = 459370046304	6
[0,1,0,-5385,7080759]	N = 464254016448	6
[0,0,0,-4212,533745]	N = 469394358804	6
[0,1,0,7351,28948347]	N = 470215363992	6
[0,-1,0,4420,302916]	N = 474491930568	6
[0,-1,0,5179,21891021]	N = 481452748035	6
[0,0,0,6893,5847010]	N = 488569366384	6
[0,-1,0,-8733,2949462]	N = 494408489700	6
[0,1,0,-7297,2997731]	N = 496856192136	6
[0,-1,0,-8297,2878761]	N = 497841152064	6
[0,-1,0,-9716,834180]	N = 499111548360	6
[0,0,0,-7732,1152880]	N = 500552615296	6
[0,0,0,-7600,937225]	N = 501957598100	6
[0,0,0,-3108,1295332]	N = 502031175480	6
[0,0,0,3447,1379673]	N = 509217394860	6
[0,-1,0,-5000,5389836]	N = 510009007218	6
[0,-1,0,-2220,894276]	N = 512218815864	6
[0,-1,0,8167,2380137]	N = 518283926400	6
[0,0,0,-7852,589780]	N = 532519020712	6
[0,0,0,-147,4309490]	N = 535722218928	6
[0,-1,0,-7580,1280196]	N = 542737666536	6
[0,0,0,-7347,9739150]	N = 555423575526	6
[0,0,0,-3900,3062900]	N = 562354104600	6
[0,0,0,-4375,1034650]	N = 571371117400	6
[0,0,0,2093,1973170]	N = 571513427792	6
[0,-1,0,-3761,2658261]	N = 576965784120	6
[0,0,0,-7932,3273460]	N = 591200352648	6
[0,-1,0,-2536,2296240]	N = 592472151120	6
[0,0,0,-8203,2504602]	N = 597014101040	6
[0,0,0,-8428,6810352]	N = 600908434880	6
[0,-1,0,-9221,451446]	N = 611079283860	6
[0,-1,0,-5520,1893456]	N = 614992202448	6
[0,0,0,-5733,1543293]	N = 627690133260	6
[0,0,0,-3172,1085764]	N = 634043842840	6
[0,0,0,-5668,5392708]	N = 648319605560	6
[0,0,0,-5596,2398804]	N = 649849063976	6
[0,-1,0,-8116,905380]	N = 662050961160	6
[0,1,0,-4580,33357984]	N = 664780597896	6
[0,0,0,-6132,2221220]	N = 668135384136	6
[0,0,0,4596,9186676]	N = 669915861048	6
[0,0,0,-7927,28936570]	N = 672511001512	6
[0,1,0,3792,1581988]	N = 676826393200	6
[0,0,0,-3871,5669986]	N = 681149129752	6
[0,0,0,-832,2362369]	N = 688818071620	6
[0,0,0,7868,5648644]	N = 690753697240	6
[0,0,0,-4900,1140100]	N = 692495205400	6
[0,-1,0,-5820,1628676]	N = 692750969544	6
[0,0,0,-8148,28473572]	N = 692875352520	6
[0,1,0,8223,18380259]	N = 695093691288	6
[0,1,0,-8940,6134544]	N = 695617325016	6
[0,0,0,5873,2947570]	N = 696422631736	6
[0,-1,0,-849,8747253]	N = 698361591336	6
[0,0,0,-5103,1558098]	N = 722394803160	6
[0,0,0,-3748,1937728]	N = 722633746240	6
[0,0,0,-6447,25539410]	N = 735035798376	6
[0,0,0,1043,1409005]	N = 741972400508	6
[0,-1,0,-9012,1503684]	N = 742013872392	6
[0,0,0,-1603,4996498]	N = 783765482320	6
[0,-1,0,-2560,1567696]	N = 788306536752	6
[0,-1,0,-9858,838737]	N = 800694174900	6
[0,0,0,-6087,755210]	N = 805394793816	6
[0,-1,0,-8108,2136612]	N = 805426825800	6
[0,0,0,5796,2197044]	N = 809308009368	6
[0,0,0,5001,15757274]	N = 811471286088	6
[0,0,0,2868,4898720]	N = 818214290784	6
[0,0,0,-9604,8809024]	N = 820889730752	6
[0,-1,0,-3141,902430]	N = 830981616780	6
[0,1,0,9980,3859424]	N = 834262972008	6
[0,1,0,-5516,23483184]	N = 875430832920	6
[0,0,0,7868,26876356]	N = 917886499160	6
[0,-1,0,-2305,1203301]	N = 928458996024	6
[0,-1,0,892,2280612]	N = 936477373800	6
[0,0,0,-8148,1790372]	N = 937587572280	6
[0,0,0,-9187,1044850]	N = 941951582096	6
[0,1,0,-6561,2458339]	N = 954901181240	6
[0,0,0,9429,24199850]	N = 957119169744	6
[0,0,0,9968,30646969]	N = 960505670540	6
[0,0,0,-7059,7932706]	N = 962383376304	6
[0,0,0,-1924,711076]	N = 973106873704	6
[0,0,0,-2793,2632633]	N = 978004051020	6
[0,-1,0,-8009,1605378]	N = 986066157804	6
[0,-1,0,1255,8679741]	N = 988497254136	6
[0,-1,0,3519,1045125]	N = 991074036840	6
[0,0,0,-8892,880020]	N = 1005415096536	6
[0,-1,0,-6985,11827117]	N = 1006380930120	6
[0,0,0,-1677,3189845]	N = 1009032636348	6
[0,0,0,3788,4337584]	N = 1016425118080	6
[0,-1,0,3960,12362256]	N = 1017607148688	6
[0,1,0,-5665,887504]	N = 1018773870252	6
[0,1,0,-6276,16719840]	N = 1035505126680	6
[0,0,0,-2572,16529536]	N = 1053860296160	6
[0,0,0,-3988,10648612]	N = 1066674428680	6
[0,0,0,-6643,4811458]	N = 1075656638960	6
[0,0,0,-9847,5251930]	N = 1080051837928	6
[0,0,0,-9975,21856250]	N = 1146116698200	6
[0,0,0,6503,1632865]	N = 1155552895244	6
[0,-1,0,-9417,2442969]	N = 1192303356288	6
[0,-1,0,-9172,1891684]	N = 1195126218312	6
[0,0,0,6500,30718900]	N = 1233882351800	6
[0,-1,0,-3425,13252677]	N = 1264300076040	6
[0,-1,0,7940,1378276]	N = 1273561598904	6
[0,0,0,7508,4373140]	N = 1275986328008	6
[0,0,0,-2727,3834090]	N = 1296815450328	6
[0,-1,0,-4377,3808701]	N = 1330040687304	6
[0,0,0,-7252,11858980]	N = 1335549051704	6
[0,0,0,-5332,27091780]	N = 1405620394136	6
[0,0,0,-9723,3091322]	N = 1413014520240	6
[0,1,0,-3936,7205764]	N = 1430804653040	6
[0,0,0,-252,24325920]	N = 1450368582048	6
[0,1,0,-5756,19815600]	N = 1454465894520	6
[0,0,0,-147,4657250]	N = 1478862074448	6
[0,0,0,-7068,5974292]	N = 1527422347080	6
[0,1,0,7628,18996224]	N = 1541990084232	6
[0,-1,0,-6485,9695742]	N = 1591201488180	6
[0,0,0,6932,14799808]	N = 1625071142240	6
[0,0,0,-2548,6170272]	N = 1657878640960	6
[0,0,0,-868,2846308]	N = 1682592718040	6
[0,0,0,8873,6139450]	N = 1695184617784	6
[0,0,0,-1183,4826818]	N = 1700118977720	6
[0,0,0,4977,17343378]	N = 1702703912760	6
[0,-1,0,-721,1299970]	N = 1737505450380	6
[0,-1,0,2815,29903301]	N = 1750413541272	6
[0,0,0,-5908,2753668]	N = 1853706354280	6
[0,1,0,2175,17343459]	N = 1856616967752	6
[0,0,0,-8127,4923810]	N = 1907714444904	6
[0,-1,0,-5640,2448576]	N = 1915629927792	6
[0,0,0,-1272,4377305]	N = 1932150671892	6
[0,0,0,-1588,2304388]	N = 2047992733640	6
[0,1,0,-1876,10081824]	N = 2063669022520	6
[0,0,0,-4788,7885188]	N = 2071997612280	6
[0,-1,0,9564,7267140]	N = 2073414426360	6
[0,-1,0,-8100,2826756]	N = 2090263275624	6
[0,0,0,-7507,29737570]	N = 2180766409136	6
[0,1,0,-2732,17483664]	N = 2215270520616	6
[0,-1,0,8279,6544045]	N = 2273543367720	6
[0,0,0,8523,3460725]	N = 2298731345316	6
[0,-1,0,1959,5030730]	N = 2367203597220	6
[0,0,0,-868,3417508]	N = 2425693301720	6
[0,-1,0,-9858,16975737]	N = 2453301158100	6
[0,-1,0,4975,27231381]	N = 2507479335768	6
[0,0,0,-1125,6169725]	N = 2610191700900	6
[0,0,0,5028,24831700]	N = 2696642082792	6
[0,0,0,-9093,26528533]	N = 2719426784220	6
[0,0,0,-4732,11277556]	N = 2746819551640	6
[0,0,0,4527,10686897]	N = 2769054835140	6
[0,0,0,7377,13255922]	N = 2775456998280	6
[0,0,0,-9772,16932436]	N = 2813587967080	6
[0,0,0,-9028,2732452]	N = 2837809077320	6
[0,-1,0,9767,10541437]	N = 2862734393400	6
[0,-1,0,8239,19506165]	N = 2879095943640	6
[0,0,0,7476,22139764]	N = 2977111651176	6
[0,0,0,-8308,2801668]	N = 2994835841480	6
[0,-1,0,-6526,8190001]	N = 2996242267620	6
[0,-1,0,534,5698305]	N = 3036411133140	6
[0,-1,0,-8020,9506116]	N = 3053198890056	6
[0,-1,0,-5841,8070741]	N = 3082542988920	6
[0,0,0,-5583,3288818]	N = 3237162862680	6
[0,-1,0,-6865,8132821]	N = 3266585708568	6
[0,-1,0,-7180,7537156]	N = 3314676810984	6
[0,-1,0,-9340,2910436]	N = 3408465072408	6
[0,-1,0,-2460,9632196]	N = 3449796540168	6
[0,0,0,9617,15465682]	N = 3823441071320	6
[0,-1,0,-3260,27620100]	N = 3922995903960	6
[0,0,0,-9268,9463492]	N = 3958808282840	6
[0,0,0,6828,32550505]	N = 3999682426212	6
[0,0,0,-903,12237802]	N = 4084464237480	6
[0,0,0,1572,11618777]	N = 4207684815180	6
[0,0,0,-5268,18181892]	N = 4311646147080	6
[0,0,0,-4017,7081265]	N = 4523432581836	6
[0,0,0,4068,13907700]	N = 4605573633192	6
[0,-1,0,-6196,6165220]	N = 4879186622520	6
[0,0,0,4748,17997604]	N = 4997771079560	6
[0,-1,0,7068,17941284]	N = 5014253717544	6
[0,0,0,-1575,28175850]	N = 5292519629400	6
[0,-1,0,-1241,24568041]	N = 5542971665280	6
[0,-1,0,-7436,9064836]	N = 6714441596280	6
[0,0,0,-3708,12702132]	N = 6914425903560	6
[0,0,0,3393,27252450]	N = 7281390371832	6
[0,-1,0,-9620,14402532]	N = 7459511806920	6
[0,0,0,-2223,18643122]	N = 11585479014360	6
[0,0,0,-6643,216142]	N = 34672310	5
[0,0,0,-532,4420]	N = 37396136	5
[0,0,0,-8512,282880]	N = 37396136	5
[0,-1,0,-6085,45901]	N = 58211421	5
[0,0,0,-5187,176830]	N = 62073486	5
[0,0,0,-1687,25210]	N = 78650312	5
[0,-1,0,-5480,172236]	N = 81819678	5
[0,0,0,-7987,171790]	N = 105401962	5
[0,-1,0,-1180,15076]	N = 126179832	5
[0,0,0,-3892,30880]	N = 154011968	5
[0,-1,0,-3852,89604]	N = 158515176	5
[0,0,0,-4927,135490]	N = 175871416	5
[0,-1,0,-7416,335916]	N = 178429470	5
[0,0,0,-2548,48772]	N = 194444680	5
[0,1,0,-2760,983824]	N = 201475538	5
[0,0,0,-5047,127450]	N = 223841384	5
[0,-1,0,-6400,203536]	N = 227751312	5
[0,0,0,-3724,82516]	N = 232044008	5
[0,0,0,-7932,279700]	N = 238781448	5
[0,0,0,-1552,1115200]	N = 246447404	5
[0,0,0,-7857,12702825]	N = 246447404	5
[0,0,0,-97,17425]	N = 246447404	5
[0,1,0,-9145,287639]	N = 266831232	5
[0,0,0,-5587,28834]	N = 270054160	5
[0,0,0,-8467,1820974]	N = 272195470	5
[0,0,0,-2743,48442]	N = 274213240	5
[0,0,0,-2527,91330]	N = 277966456	5
[0,-1,0,-2280,29376]	N = 301436688	5
[0,0,0,125,47650]	N = 306559600	5
[0,0,0,2000,3049600]	N = 306559600	5
[0,0,0,-2212,66916]	N = 310426040	5
[0,0,0,-8892,325620]	N = 311652504	5
[0,0,0,-3627,104490]	N = 320789232	5
[0,-1,0,-7505,195861]	N = 331210824	5
[0,0,0,-4572,121185]	N = 333082692	5
[0,0,0,-6244,2682436]	N = 337621336	5
[0,0,0,-5983,175618]	N = 342162520	5
[0,1,0,-7065,263979]	N = 345979416	5
[0,0,0,-7747,921790]	N = 346015586	5
[0,0,0,-6223,117778]	N = 348772840	5
[0,-1,0,-3900,97956]	N = 354930744	5
[0,-1,0,-5833,167437]	N = 363406200	5
[0,-1,0,-2396,41220]	N = 364274520	5
[0,-1,0,-7445,1048941]	N = 395100348	5
[0,-1,0,-8080,378016]	N = 417429168	5
[0,-1,0,-6405,2058381]	N = 429379167	5
[0,0,0,-8572,270964]	N = 429659240	5
[0,-1,0,-5700,181476]	N = 441431592	5
[0,0,0,-6004,162724]	N = 468302632	5
[0,-1,0,-2140,27556]	N = 470607816	5
[0,-1,0,-8633,366237]	N = 508146600	5
[0,0,0,-6327,123930]	N = 527706648	5
[0,0,0,-7972,248260]	N = 528395672	5
[0,0,0,-9100,358900]	N = 545370200	5
[0,0,0,-5607,183690]	N = 602142984	5
[0,-1,0,-8297,342381]	N = 625336296	5
[0,0,0,-3108,248132]	N = 634686120	5
[0,1,0,-1577,111771]	N = 668287176	5
[0,-1,0,-6785,223941]	N = 677354712	5
[0,0,0,-6948,300672]	N = 678548160	5
[0,0,0,-8703,344898]	N = 709922520	5
[0,0,0,-6012,188820]	N = 741558888	5
[0,0,0,-8892,790560]	N = 748314144	5
[0,0,0,-9723,257722]	N = 804857040	5
[0,-1,0,-5516,138180]	N = 807358440	5
[0,1,0,6968,6818564]	N = 814101744	5
[0,0,0,-8892,731025]	N = 816005844	5
[0,-1,0,-3908,65412]	N = 852202200	5
[0,0,0,-8463,-91438]	N = 904862520	5
[0,-1,0,-4664,435600]	N = 933166608	5
[0,0,0,-8463,233138]	N = 966687480	5
[0,-1,0,-4452,730404]	N = 971311656	5
[0,0,0,-8463,423538]	N = 995398920	5
[0,-1,0,-7016,2599116]	N = 1022906370	5
[0,0,0,-2628,186948]	N = 1075355640	5
[0,-1,0,-9065,388521]	N = 1117419072	5
[0,-1,0,-9620,542532]	N = 1144548840	5
[0,-1,0,-6561,168165]	N = 1169927880	5
[0,-1,0,-3841,134341]	N = 1196713560	5
[0,0,0,-4252,139540]	N = 1199076424	5
[0,1,0,-8100,769824]	N = 1370507208	5
[0,-1,0,-9481,330925]	N = 1541587080	5
[0,0,0,-8967,235690]	N = 1569384936	5
[0,-1,0,-2725,28602781]	N = 1913765412	5
[0,1,0,-9585,5140179]	N = 2006083272	5
[0,0,0,-7300,168100]	N = 2266035800	5
[0,-1,0,-9025,436741]	N = 2492603256	5
[0,-1,0,-5776,2044960]	N = 2719310160	5
[0,-1,0,-1401,3998601]	N = 2846497920	5
[0,-1,0,-7505,374421]	N = 2862246072	5
[0,-1,0,-3708,367812]	N = 3261161400	5
[0,0,0,-8428,943348]	N = 3396050840	5
[0,0,0,-9607,5645194]	N = 4257863960	5
[0,-1,0,-5945,1736457]	N = 4871898240	5
[0,0,0,-3423,2927522]	N = 5008446360	5
[0,1,0,1175,12280379]	N = 10229163672	5
[0,0,0,-9100,392500]	N = 4899400	4
[0,-1,0,-9620,346116]	N = 7781592	4
