1
13 8
0 0 1 -1 0 1 0 -1 0 0          0 0 0 0 1 0
14 9
1 0 1 1 1 1 0 1 0 0          -1 0 0 0 1 0
17 0
1 0 -1 0 1 0 -1 0 0 0          -1 0 0 1 1 0
17 5
1 0 1 1 0 1 0 0 0 0          -1 0 1 0 1 0
13 13
1 0 0 0 1 0 0 0 0 0          -1 0 0 1 1 0
14 14
1 1 0 -1 1 1 0 -1 0 0          -1 0 0 1 1 0
17 11
1 0 1 -1 1 0 0 -1 0 0          -1 1 1 0 1 0
21 0
1 0 0 0 0 0 1 0 0 0          0 1 0 0 1 0
22 0
0 0 0 -1 1 1 -1 0 0 0          0 0 0 0 1 0
22 0
0 0 0 -1 1 1 19 0 0 26          0 2 5 5 1 0
0 0
0 0 0 0 0 0 0 0 0 0
0 0 0 0 0 0 0 0 0 0
