1 1 2 1 2 -1 3 0 3 2
3 -2 4 1 4 -1 5 2 5 -2
6 1 6 -1 5 4 5 -4 7 0
7 2 7 -2 6 5 6 -5 8 3
8 -3 8 5 8 -5 9 4 9 -4
10 1 10 -1 10 3 10 -3 8 7
8 -7 11 0 11 4 11 -4 10 7
10 -7 11 6 11 -6 13 2 13 -2
10 9 10 -9 12 7 12 -7 14 1
14 -1 15 2 15 -2 13 8 13 -8
15 4 15 -4 16 1 16 -1 13 10
13 -10 14 9 14 -9 16 5 16 -5
17 2 17 -2 13 12 13 -12 14 11
14 -11 16 9 16 -9 18 5 18 -5
17 8 17 -8 19 0 18 7 18 -7
17 10 17 -10 19 6 19 -6 20 1
20 -1 20 3 20 -3 15 14 15 -14
17 12 17 -12 20 7 20 -7 21 4
21 -4 19 10 19 -10 22 5 22 -5
20 11 20 -11 23 0 21 10 21 -10
19 14 19 -14 20 13 20 -13 24 1
24 -1 23 8 23 -8 24 5 24 -5
18 17 18 -17 19 16 19 -16 25 4
25 -4 22 13 22 -13 25 6 25 -6
23 12 23 -12 26 1 26 -1 26 5
26 -5 22 15 22 -15 27 2 27 -2
26 9 26 -9 20 19 20 -19 25 12
25 -12 22 17 22 -17 26 11 26 -11
28 5 28 -5 25 14 25 -14 27 10
27 -10 23 18 23 -18 29 4 29 -4
29 6 29 -6 25 16 25 -16 23 20
23 -20 24 19 24 -19 29 10 29 -10
28 13 28 -13 31 0 31 4 31 -4
31 6 31 -6 28 15 28 -15 23 22
23 -22 30 11 30 -11 32 3 32 -3
32 5 32 -5 31 10 31 -10 30 13
30 -13 33 2 33 -2 29 16 29 -16
25 22 25 -22 26 21 26 -21 27 20
27 -20 33 8 33 -8 34 5 34 -5
32 13 32 -13 25 24 25 -24 27 22
27 -22 31 16 31 -16 35 2 35 -2
34 9 34 -9 32 15 32 -15 34 11
34 -11 35 8 35 -8 36 1 36 -1
26 25 26 -25 36 5 36 -5 31 20
31 -20 37 2 37 -2 34 15 34 -15
28 25 28 -25 30 23 30 -23 37 8
37 -8 38 3 38 -3 35 16 35 -16
33 20 33 -20 38 7 38 -7 35 18
35 -18 32 23 32 -23 34 21 34 -21
40 1 40 -1 40 3 40 -3 38 13
38 -13 39 10 39 -10 31 26 31 -26
36 19 36 -19 38 15 38 -15 37 18
37 -18 41 4 41 -4 35 22 35 -22
40 11 40 -11 38 17 38 -17 30 29
30 -29 32 27 32 -27 39 16 39 -16
42 5 42 -5 35 24 35 -24 43 0
31 30 31 -30 33 28 33 -28 41 14
41 -14 40 17 40 -17 35 26 35 -26
43 8 43 -8 42 13 42 -13 43 10
43 -10 38 23 38 -23 43 12 43 -12
34 29 34 -29 44 9 44 -9 45 2
45 -2 42 17 42 -17 38 25 38 -25
41 20 41 -20 45 8 45 -8 33 32
33 -32 40 23 40 -23 36 29 36 -29
46 5 46 -5 37 28 37 -28 44 15
44 -15 47 0 47 2 47 -2 45 14
45 -14 46 11 46 -11 37 30 37 -30
47 8 47 -8 45 16 45 -16 42 23
42 -23 44 19 44 -19 47 10 47 -10
43 22 43 -22 46 15 46 -15 41 26
41 -26 44 21 44 -21 35 34 35 -34
42 25 42 -25 37 32 37 -32 49 4
49 -4 49 6 49 -6 40 29 40 -29
48 13 48 -13 46 19 46 -19 36 35
36 -35 50 7 50 -7 46 21 46 -21
48 17 48 -17 47 20 47 -20 51 4
51 -4 50 11 50 -11 43 28 43 -28
49 16 49 -16 39 34 39 -34 40 33
40 -33 47 22 47 -22 52 3 52 -3
52 5 52 -5 46 25 46 -25 43 30
43 -30 52 7 52 -7 44 29 44 -29
50 17 50 -17 51 14 51 -14 49 20
49 -20 48 23 48 -23 41 34 41 -34
51 16 51 -16 50 19 50 -19 44 31
44 -31 53 10 53 -10 54 1 54 -1
53 12 53 -12 46 29 46 -29 40 37
40 -37 51 20 51 -20 54 11 54 -11
55 4 55 -4 45 32 45 -32 55 6
55 -6 55 8 55 -8 47 30 47 -30
40 39 40 -39 56 1 56 -1 55 12
55 -12 45 34 45 -34 53 20 53 -20
56 9 56 -9 55 14 55 -14 50 27
50 -27 57 2 57 -2 56 11 56 -11
49 30 49 -30 57 8 57 -8 52 25
52 -25 56 15 56 -15 58 3 58 -3
58 5 58 -5 58 7 58 -7 52 27
52 -27 43 40 43 -40 44 39 44 -39
50 31 50 -31 45 38 45 -38 59 0
59 6 59 -6 48 35 48 -35 58 13
58 -13 54 25 54 -25 49 34 49 -34
59 10 59 -10 53 28 53 -28 43 42
43 -42 44 41 44 -41 46 39 46 -39
48 37 48 -37 59 14 59 -14 49 36
49 -36 55 26 55 -26 53 30 53 -30
57 22 57 -22 56 25 56 -25 60 13
60 -13 52 33 52 -33 46 41 46 -41
61 10 61 -10 53 32 53 -32 62 3
62 -3 54 31 54 -31 59 20 59 -20
60 17 60 -17 61 14 61 -14 52 35
52 -35 58 25 58 -25 49 40 49 -40
62 13 62 -13 50 39 50 -39 55 32
55 -32 59 24 59 -24 52 37 52 -37
58 27 58 -27 60 23 60 -23 62 17
62 -17 48 43 48 -43 59 26 59 -26
64 9 64 -9 51 40 51 -40 64 11
64 -11 65 2 65 -2 65 4 65 -4
53 38 53 -38 65 6 65 -6 57 32
57 -32 65 8 65 -8 61 24 61 -24
49 44 49 -44 50 43 50 -43 66 1
66 -1 62 23 62 -23 61 26 61 -26
53 40 53 -40 65 14 65 -14 60 29
60 -29 64 19 64 -19 65 16 65 -16
67 0 67 2 67 -2 48 47 48 -47
49 46 49 -46 65 18 65 -18 60 31
60 -31 54 41 54 -41 61 30 61 -30
59 34 59 -34 68 5 68 -5 56 39
56 -39 68 7 68 -7 64 25 64 -25
52 45 52 -45 58 37 58 -37 55 42
55 -42 68 13 68 -13 65 24 65 -24
67 18 67 -18 56 41 56 -41 69 10
69 -10 61 34 61 -34 67 20 67 -20
70 3 70 -3 62 33 62 -33 64 29
64 -29 69 14 69 -14 60 37 60 -37
67 22 67 -22 63 32 63 -32 65 28
65 -28 70 11 70 -11 71 0 71 6
71 -6 59 40 59 -40 51 50 51 -50
53 48 53 -48 68 23 68 -23 70 17
70 -17 66 29 66 -29 72 5 72 -5
72 7 72 -7 71 14 71 -14 70 19
70 -19 67 28 67 -28 60 41 60 -41
71 16 71 -16 53 50 53 -50 73 2
73 -2 65 34 65 -34 73 8 73 -8
63 38 63 -38 59 44 59 -44 69 26
69 -26 71 20 71 -20 60 43 60 -43
74 1 74 -1 74 5 74 -5 65 36
65 -36 74 9 74 -9 63 40 63 -40
58 47 58 -47 66 35 66 -35 75 4
75 -4 73 18 73 -18 61 44 61 -44
65 38 65 -38 75 8 75 -8 62 43
62 -43 74 15 74 -15 71 26 71 -26
56 51 56 -51 70 29 70 -29 57 50
57 -50 76 5 76 -5 73 22 73 -22
75 14 75 -14 68 35 68 -35 76 9
76 -9 70 31 70 -31 62 45 62 -45
75 16 75 -16 76 11 76 -11 57 52
57 -52 59 50 59 -50 77 10 77 -10
66 41 66 -41 62 47 62 -47 77 12
77 -12 67 40 67 -40 74 25 74 -25
73 28 73 -28 64 45 64 -45 78 7
78 -7 58 53 58 -53 71 34 71 -34
76 21 76 -21 61 50 61 -50 73 30
73 -30 79 0 79 4 79 -4 70 37
70 -37 79 6 79 -6 75 26 75 -26
74 29 74 -29 77 20 77 -20 71 36
71 -36 73 32 73 -32 69 40 69 -40
78 17 78 -17 58 55 58 -55 59 54
59 -54 70 39 70 -39 80 7 80 -7
63 50 63 -50 68 43 68 -43 80 9
80 -9 80 11 80 -11 65 48 65 -48
72 37 72 -37 80 13 80 -13 81 4
81 -4 70 41 70 -41 61 54 61 -54
62 53 62 -53 81 10 81 -10 63 52
63 -52 80 17 80 -17 74 35 74 -35
78 25 78 -25 82 3 82 -3 76 31
76 -31 80 19 80 -19 75 34 75 -34
67 48 67 -48 77 30 77 -30 68 47
68 -47 80 21 80 -21 61 56 61 -56
62 55 62 -55 83 0 79 26 79 -26
82 15 82 -15 81 20 81 -20 71 44
71 -44 74 39 74 -39 76 35 76 -35
82 17 82 -17 84 1 84 -1 75 38
75 -38 70 47 70 -47 64 55 64 -55
80 27 80 -27 84 11 84 -11 67 52
67 -52 83 18 83 -18 85 2 85 -2
81 26 81 -26 82 23 82 -23 76 39
76 -39 78 35 78 -35 61 60 61 -60
63 58 63 -58 82 25 82 -25 85 12
85 -12 72 47 72 -47 84 19 84 -19
68 53 68 -53 76 41 76 -41 86 9
86 -9 85 16 85 -16 80 33 80 -33
86 11 86 -11 77 40 77 -40 79 36
79 -36 71 50 71 -50 85 18 85 -18
75 44 75 -44 87 2 87 -2 64 59
64 -59 65 58 65 -58 86 15 86 -15
68 55 68 -55 87 10 87 -10 83 28
83 -28 84 25 84 -25 81 34 81 -34
75 46 75 -46 88 3 88 -3 86 19
86 -19 83 30 83 -30 88 7 88 -7
64 61 64 -61 73 50 73 -50 79 40
79 -40 67 58 67 -58 68 57 68 -57
74 49 74 -49 85 26 85 -26 78 43
78 -43 89 4 89 -4 82 35 82 -35
72 53 72 -53 85 28 85 -28 84 31
84 -31 87 22 87 -22 65 62 65 -62
80 41 80 -41 67 60 67 -60 82 37
82 -37 90 1 90 -1 89 14 89 -14
81 40 81 -40 72 55 72 -55 90 11
90 -11 77 48 77 -48 86 29 86 -29
90 13 90 -13 88 23 88 -23 78 47
78 -47 91 4 91 -4 91 6 91 -6
75 52 75 -52 87 28 87 -28 88 25
88 -25 76 51 76 -51 90 17 90 -17
77 50 77 -50 90 19 90 -19 74 55
74 -55 92 7 92 -7 85 36 85 -36
91 16 91 -16 82 43 82 -43 66 65
66 -65 89 26 89 -26 80 47 80 -47
90 23 90 -23 71 60 71 -60 85 38
85 -38 81 46 81 -46 91 20 91 -20
92 15 92 -15 73 58 73 -58 93 8
93 -8 84 41 84 -41 79 50 79 -50
92 17 92 -17 75 56 75 -56 89 30
89 -30 94 1 94 -1 68 65 68 -65
94 5 94 -5 78 53 78 -53 73 60
73 -60 82 47 82 -47 90 29 90 -29
88 35 88 -35 80 51 80 -51 87 38
87 -38 95 2 95 -2 95 4 95 -4
93 20 93 -20 78 55 78 -55 93 22
93 -22 71 64 71 -64 79 54 79 -54
85 44 85 -44 73 62 73 -62 91 30
91 -30 80 53 80 -53 95 14 95 -14
96 5 96 -5 76 59 76 -59 94 21
94 -21 95 16 95 -16 77 58 77 -58
96 11 96 -11 85 46 85 -46 95 18
95 -18 79 56 79 -56 71 66 71 -66
97 2 97 -2 86 45 86 -45 93 28
93 -28 91 34 91 -34 94 25 94 -25
97 8 97 -8 76 61 76 -61 89 40
89 -40 82 53 82 -53 95 24 95 -24
98 3 98 -3 98 5 98 -5 80 57
80 -57 70 69 70 -69 94 29 94 -29
92 35 92 -35 81 56 81 -56 75 64
75 -64 97 18 97 -18 82 55 82 -55
88 45 88 -45 90 41 90 -41 99 4
99 -4 98 15 98 -15 92 37 92 -37
89 44 89 -44 99 10 99 -10 85 52
85 -52 71 70 71 -70 90 43 90 -43
82 57 82 -57 100 3 100 -3 89 46
89 -46 94 35 94 -35 87 50 87 -50
93 38 93 -38 98 23 98 -23 85 54
85 -54 100 13 100 -13 96 31 96 -31
95 34 95 -34 97 28 97 -28 83 58
83 -58 87 52 87 -52 100 17 100 -17
101 10 101 -10 92 43 92 -43 95 36
95 -36 98 27 98 -27 79 64 79 -64
94 39 94 -39 80 63 80 -63 102 5
102 -5 97 32 97 -32 102 7 102 -7
101 16 101 -16 99 26 99 -26 90 49
90 -49 73 72 73 -72 100 23 100 -23
85 58 85 -58 79 66 79 -66 101 20
101 -20 103 0 103 2 103 -2 81 64
81 -64 103 10 103 -10 100 27 100 -27
83 62 83 -62 103 12 103 -12 91 50
91 -50 95 42 95 -42 89 54 89 -54
97 38 97 -38 94 45 94 -45 80 67
80 -67 90 53 90 -53 104 11 104 -11
82 65 82 -65 99 34 99 -34 98 37
98 -37 88 57 88 -57 89 56 89 -56
85 62 85 -62 103 22 103 -22 77 72
77 -72 86 61 86 -61 93 50 93 -50
80 69 80 -69 97 42 97 -42 104 19
104 -19 91 54 91 -54 82 67 82 -67
104 21 104 -21 106 5 106 -5 92 53
92 -53 106 9 106 -9 85 64 85 -64
95 48 95 -48 93 52 93 -52 100 37
100 -37 103 28 103 -28 94 51 94 -51
107 0 92 55 92 -55 101 36 101 -36
107 10 107 -10 107 12 107 -12 106 19
106 -19 96 49 96 -49 86 65 86 -65
103 32 103 -32 104 29 104 -29 106 21
106 -21 100 41 100 -41 108 5 108 -5
105 26 105 -26 79 74 79 -74 104 31
104 -31 83 70 83 -70 101 40 101 -40
98 47 98 -47 90 61 90 -61 108 13
108 -13 109 4 109 -4 97 50 97 -50
107 22 107 -22 95 54 95 -54 108 17
108 -17 88 65 88 -65 109 10 109 -10
81 74 81 -74 104 35 104 -35 105 32
105 -32 83 72 83 -72 84 71 84 -71
110 1 110 -1 110 3 110 -3 97 52
97 -52 110 7 110 -7 86 69 86 -69
95 56 95 -56 106 31 106 -31 96 55
96 -55 102 43 102 -43 110 13 110 -13
89 66 89 -66 109 20 109 -20 108 25
108 -25 99 50 99 -50 80 77 80 -77
103 42 103 -42 91 64 91 -64 100 49
100 -49 85 72 85 -72 98 53 98 -53
111 10 111 -10 92 63 92 -63 86 71
86 -71 109 24 109 -24 107 32 107 -32
104 41 104 -41 111 14 111 -14 110 21
110 -21 112 3 112 -3 112 5 112 -5
111 16 111 -16 90 67 90 -67 100 51
100 -51 102 47 102 -47 91 66 91 -66
80 79 80 -79 82 77 82 -77 92 65
92 -65 96 59 96 -59 112 13 112 -13
111 20 111 -20 106 39 106 -39 109 30
109 -30 100 53 100 -53 89 70 89 -70
110 27 110 -27 104 45 104 -45 98 57
98 -57 108 35 108 -35 107 38 107 -38
106 41 106 -41 110 29 110 -29 92 67
92 -67 83 78 83 -78 85 76 85 -76
97 60 97 -60 108 37 108 -37 109 34
109 -34 107 40 107 -40 113 18 113 -18
103 50 103 -50 95 64 95 -64 109 36
109 -36 104 49 104 -49 115 2 115 -2
115 4 115 -4 100 57 100 -57 84 79
84 -79 85 78 85 -78 103 52 103 -52
101 56 101 -56 95 66 95 -66 89 74
89 -74 104 51 104 -51 115 14 115 -14
96 65 96 -65 116 1 116 -1 110 37
110 -37 111 34 111 -34 108 43 108 -43
116 9 116 -9 113 28 113 -28 116 11
116 -11 94 69 94 -69 83 82 83 -82
112 33 112 -33 95 68 95 -68 113 30
113 -30 116 15 116 -15 117 2 117 -2
89 76 89 -76 115 22 115 -22 100 61
100 -61 105 52 105 -52 91 74 91 -74
110 41 110 -41 117 10 117 -10 98 65
98 -65 104 55 104 -55 108 47 108 -47
94 71 94 -71 115 26 115 -26 112 37
112 -37 111 40 111 -40 118 3 118 -3
109 46 109 -46 115 28 115 -28 90 77
90 -77 97 68 97 -68 91 76 91 -76
116 25 116 -25 118 15 118 -15 107 52
107 -52 117 22 117 -22 119 4 119 -4
119 6 119 -6 114 35 114 -35 115 32
115 -32 85 84 85 -84 87 82 87 -82
89 80 89 -80 90 79 90 -79 113 40
113 -40 105 58 105 -58 120 1 120 -1
111 46 111 -46 120 7 120 -7 94 75
94 -75 100 67 100 -67 113 42 113 -42
104 61 104 -61 118 25 118 -25 101 66
101 -66 119 20 119 -20 97 72 97 -72
86 85 86 -85 102 65 102 -65 88 83
88 -83 118 27 118 -27 121 4 121 -4
115 38 115 -38 117 32 117 -32 106 59
106 -59 119 24 119 -24 121 10 121 -10
112 47 112 -47 109 54 109 -54 107 58
107 -58 111 50 111 -50 105 62 105 -62
121 16 121 -16 120 23 120 -23 106 61
106 -61 88 85 88 -85 118 33 118 -33
109 56 109 -56 122 13 122 -13 119 30
119 -30 113 48 113 -48 94 79 94 -79
101 70 101 -70 105 64 105 -64 116 41
116 -41 118 35 118 -35 115 44 115 -44
122 17 122 -17 123 8 123 -8 121 24
121 -24 103 68 103 -68 120 29 120 -29
113 50 113 -50 99 74 99 -74 117 40
117 -40 88 87 88 -87 100 73 100 -73
110 57 110 -57 120 31 120 -31 93 82
93 -82 124 1 124 -1 124 5 124 -5
122 23 122 -23 106 65 106 -65 113 52
113 -52 97 78 97 -78 124 11 124 -11
121 30 121 -30 112 55 112 -55 110 59
110 -59 124 15 124 -15 125 2 125 -2
125 4 125 -4 105 68 105 -68 125 6
125 -6 102 73 102 -73 124 19 124 -19
95 82 95 -82 119 40 119 -40 118 43
118 -43 121 34 121 -34 97 80 97 -80
124 21 124 -21 126 1 126 -1 125 16
125 -16 108 65 108 -65 126 5 126 -5
123 28 123 -28 121 36 121 -36 122 33
122 -33 124 25 124 -25 92 87 92 -87
116 51 116 -51 94 85 94 -85 110 63
110 -63 107 68 107 -68 119 44 119 -44
127 0 115 54 115 -54 117 50 117 -50
127 8 127 -8 124 29 124 -29 127 10
127 -10 120 43 120 -43 122 37 122 -37
127 12 127 -12 125 26 125 -26 102 77
102 -77 107 70 107 -70 115 56 115 -56
113 60 113 -60 91 90 91 -90 111 64
111 -64 95 86 95 -86 128 7 128 -7
127 18 127 -18 114 59 114 -59 116 55
116 -55 98 83 98 -83 127 20 127 -20
128 13 128 -13 100 81 100 -81 123 38
123 -38 107 72 107 -72 125 32 125 -32
129 4 129 -4 119 50 119 -50 128 17
128 -17 103 78 103 -78 123 40 123 -40
129 10 129 -10 98 85 98 -85 100 83
100 -83 130 1 130 -1 125 36 125 -36
116 59 116 -59 130 9 130 -9 108 73
108 -73 130 11 130 -11 127 30 127 -30
112 67 112 -67 129 20 129 -20 117 58
117 -58 119 54 119 -54 122 47 122 -47
94 91 94 -91 96 89 96 -89 131 0
130 17 130 -17 120 53 120 -53 101 84
101 -84 102 83 102 -83 129 26 129 -26
115 64 115 -64 103 82 103 -82 130 21
130 -21 104 81 104 -81 125 42 125 -42
113 68 113 -68 124 45 124 -45 131 16
131 -16 132 5 132 -5 106 79 106 -79
95 92 95 -92 96 91 96 -91 97 90
97 -90 100 87 100 -87 127 38 127 -38
115 66 115 -66 101 86 101 -86 128 35
128 -35 109 76 109 -76 113 70 113 -70
116 65 116 -65 132 17 132 -17 127 40
127 -40 131 24 131 -24 105 82 105 -82
119 60 119 -60 133 10 133 -10 131 26
131 -26 120 59 120 -59 122 55 122 -55
100 89 100 -89 125 48 125 -48 134 1
134 -1 124 51 124 -51 134 5 134 -5
130 33 130 -33 133 18 133 -18 104 85
104 -85 132 25 132 -25 131 30 131 -30
134 11 134 -11 133 20 133 -20 111 76
111 -76 120 61 120 -61 122 57 122 -57
118 65 118 -65 112 75 112 -75 134 15
134 -15 116 69 116 -69 135 2 135 -2
128 43 128 -43 98 93 98 -93 119 64
119 -64 130 37 130 -37 135 8 135 -8
101 90 101 -90 117 68 117 -68 125 52
125 -52 110 79 110 -79 103 88 103 -88
134 21 134 -21 124 55 124 -55 118 67
118 -67 127 48 127 -48 131 36 131 -36
106 85 106 -85 135 16 135 -16 123 58
123 -58 119 66 119 -66 136 5 136 -5
125 54 125 -54 108 83 108 -83 128 47
128 -47 136 11 136 -11 99 94 99 -94
110 81 110 -81 115 74 115 -74 133 32
133 -32 130 43 130 -43 129 46 129 -46
137 2 137 -2 132 37 132 -37 134 29
134 -29 137 10 137 -10 137 12 137 -12
134 31 134 -31 123 62 123 -62 115 76
115 -76 135 28 135 -28 98 97 98 -97
101 94 101 -94 138 5 138 -5 103 92
103 -92 116 75 116 -75 136 25 136 -25
129 50 129 -50 106 89 106 -89 134 35
134 -35 138 13 138 -13 114 79 114 -79
135 32 135 -32 132 43 132 -43 133 40
133 -40 130 49 130 -49 115 78 115 -78
139 0 138 17 138 -17 122 67 122 -67
135 34 135 -34 101 96 101 -96 139 10
139 -10 102 95 102 -95 112 83 112 -83
120 71 120 -71 136 31 136 -31 125 62
125 -62 134 39 134 -39 105 92 105 -92
130 51 130 -51 121 70 121 -70 137 28
137 -28 139 16 139 -16 126 61 126 -61
140 3 140 -3 131 50 131 -50 140 9
140 -9 116 79 116 -79 130 53 130 -53
111 86 111 -86 123 68 123 -68 129 56
129 -56 137 32 137 -32 100 99 100 -99
102 97 102 -97 104 95 104 -95 118 77
118 -77 105 94 105 -94 140 17 140 -17
107 92 107 -92 119 76 119 -76 115 82
115 -82 140 19 140 -19 127 62 127 -62
133 48 133 -48 139 26 139 -26 110 89
110 -89 123 70 123 -70 117 80 117 -80
126 65 126 -65 112 87 112 -87 121 74
121 -74 140 23 140 -23 130 57 130 -57
135 44 135 -44 142 3 142 -3 136 41
136 -41 101 100 101 -100 132 53 132 -53
125 68 125 -68 106 95 106 -95 138 35
138 -35 131 56 131 -56 142 13 142 -13
135 46 135 -46 128 63 128 -63 134 49
134 -49 137 40 137 -40 142 15 142 -15
133 52 133 -52 140 29 140 -29 139 34
139 -34 122 75 122 -75 136 45 136 -45
137 42 137 -42 143 10 143 -10 143 12
143 -12 120 79 120 -79 116 85 116 -85
142 23 142 -23 109 94 109 -94 110 93
110 -93 127 68 127 -68 143 18 143 -18
142 25 142 -25 125 72 125 -72 143 20
143 -20 144 11 144 -11 128 67 128 -67
136 49 136 -49 139 40 139 -40 135 52
135 -52 134 55 134 -55 124 75 124 -75
103 102 103 -102 104 101 104 -101 145 6
145 -6 145 8 145 -8 125 74 125 -74
140 39 140 -39 118 85 118 -85 111 94
111 -94 145 12 145 -12 112 93 112 -93
145 14 145 -14 137 50 137 -50 114 91
114 -91 127 72 127 -72 146 1 146 -1
146 5 146 -5 116 89 116 -89 146 9
146 -9 125 76 125 -76 117 88 117 -88
141 40 141 -40 118 87 118 -87 131 66
131 -66 136 55 136 -55 123 80 123 -80
119 86 119 -86 112 95 112 -95 144 29
144 -29 135 58 135 -58 145 24 145 -24
147 2 147 -2 124 79 124 -79 132 65
132 -65 130 69 130 -69 147 8 147 -8
145 26 145 -26 128 73 128 -73 116 91
116 -91 146 21 146 -21 122 83 122 -83
141 44 141 -44 139 50 139 -50 105 104
105 -104 109 100 109 -100 143 38 143 -38
148 5 148 -5 124 81 124 -81 144 35
144 -35 136 59 136 -59 141 46 141 -46
142 43 142 -43 121 86 121 -86 148 13
148 -13 147 22 147 -22 122 85 122 -85
148 15 148 -15 137 58 137 -58 117 92
117 -92 146 29 146 -29 142 45 142 -45
148 17 148 -17 130 73 130 -73 108 103
108 -103 146 31 146 -31 125 82 125 -82
137 60 137 -60 141 50 141 -50 149 14
149 -14 140 53 140 -53 148 23 148 -23
115 96 115 -96 122 87 122 -87 145 38
145 -38 116 95 116 -95 150 1 150 -1
146 35 146 -35 150 7 150 -7 118 93
118 -93 137 62 137 -62 150 11 150 -11
131 74 131 -74 150 13 150 -13 109 104
109 -104 110 103 110 -103 134 69 134 -69
136 65 136 -65 121 90 121 -90 113 100
113 -100 149 24 149 -24 151 0 151 4
151 -4 127 82 127 -82 150 19 150 -19
149 26 149 -26 151 10 151 -10 139 60
139 -60 131 76 131 -76 145 44 145 -44
142 53 142 -53 148 33 148 -33 141 56
141 -56 125 86 125 -86 150 23 150 -23
129 80 129 -80 147 38 147 -38 151 16
151 -16 140 59 140 -59 109 106 109 -106
113 102 113 -102 142 55 142 -55 114 101
114 -101 151 20 151 -20 147 40 147 -40
138 65 138 -65 117 98 117 -98 124 89
124 -89 140 61 140 -61 118 97 118 -97
149 34 149 -34 125 88 125 -88 139 64
139 -64 153 8 153 -8 149 36 149 -36
153 10 153 -10 136 71 136 -71 110 107
110 -107 111 106 111 -106 131 80 131 -80
134 75 134 -75 123 92 123 -92 128 85
128 -85 115 102 115 -102 152 23 152 -23
137 70 137 -70 139 66 139 -66 117 100
117 -100 154 5 154 -5 148 43 148 -43
144 55 144 -55 133 78 133 -78 130 83
130 -83 149 40 149 -40 143 58 143 -58
152 27 152 -27 121 96 121 -96 150 37
150 -37 127 88 127 -88 153 22 153 -22
122 95 122 -95 146 51 146 -51 148 45
148 -45 151 34 151 -34 141 64 141 -64
110 109 110 -109 112 107 112 -107 135 76
135 -76 155 2 155 -2 143 60 143 -60
155 6 155 -6 154 19 154 -19 151 36
151 -36 147 50 147 -50 148 47 148 -47
136 75 136 -75 142 63 142 -63 149 44
149 -44 155 12 155 -12 150 41 150 -41
134 79 134 -79 127 90 127 -90 155 16
155 -16 149 46 149 -46 152 35 152 -35
156 1 156 -1 138 73 138 -73 133 82
133 -82 111 110 111 -110 130 87 130 -87
152 37 152 -37 116 105 116 -105 155 22
155 -22 134 81 134 -81 118 103 118 -103
127 92 127 -92 154 31 154 -31 156 19
156 -19 150 47 150 -47 123 98 123 -98
157 10 157 -10 141 70 141 -70 157 12
157 -12 155 28 155 -28 130 89 130 -89
125 96 125 -96 114 109 114 -109 115 108
115 -108 151 46 151 -46 152 43 152 -43
119 104 119 -104 158 5 158 -5 158 7
158 -7 128 93 128 -93 146 61 146 -61
136 81 136 -81 143 68 143 -68 139 76
139 -76 149 54 149 -54 145 64 145 -64
148 57 148 -57 137 80 137 -80 158 15
158 -15 125 98 125 -98 154 39 154 -39
158 17 158 -17 131 90 131 -90 151 50
151 -50 150 53 150 -53 155 36 155 -36
143 70 143 -70 141 74 141 -74 118 107
118 -107 128 95 128 -95 147 62 147 -62
121 104 121 -104 155 38 155 -38 159 16
159 -16 146 65 146 -65 156 35 156 -35
124 101 124 -101 158 25 158 -25 160 1
160 -1 160 3 160 -3 135 86 135 -86
143 72 143 -72 141 76 141 -76 157 32
157 -32 158 27 158 -27 151 54 151 -54
127 98 127 -98 154 45 154 -45 128 97
128 -97 149 60 149 -60 140 79 140 -79
120 107 120 -107 148 63 148 -63 160 17
160 -17 152 53 152 -53 138 83 138 -83
135 88 135 -88 150 59 150 -59 131 94
131 -94 156 41 156 -41 161 10 161 -10
125 102 125 -102 160 21 160 -21 158 33
158 -33 153 52 153 -52 155 46 155 -46
133 92 133 -92 140 81 140 -81 161 16
161 -16 158 35 158 -35 145 72 145 -72
134 91 134 -91 157 40 157 -40 119 110
119 -110 162 7 162 -7 149 64 149 -64
130 97 130 -97 154 51 154 -51 161 20
161 -20 146 71 146 -71 148 67 148 -67
136 89 136 -89 159 34 159 -34 132 95
132 -95 140 83 140 -83 161 24 161 -24
145 74 145 -74 137 88 137 -88 149 66
149 -66 160 31 160 -31 163 0 163 2
163 -2 161 26 161 -26 163 8 163 -8
129 100 129 -100 163 10 163 -10 116 115
116 -115 118 113 118 -113 130 99 130 -99
163 12 163 -12 139 86 139 -86 155 52
155 -52 156 49 156 -49 136 91 136 -91
145 76 145 -76 158 43 158 -43 161 30
161 -30 132 97 132 -97 143 80 143 -80
125 106 125 -106 159 40 159 -40 163 18
163 -18 164 5 164 -5 157 48 157 -48
134 95 134 -95 128 103 128 -103 164 11
164 -11 135 94 135 -94 152 63 152 -63
161 34 161 -34 145 78 145 -78 154 59
154 -59 165 4 165 -4 153 62 153 -62
141 86 141 -86 160 41 160 -41 152 65
152 -65 164 21 164 -21 156 55 156 -55
159 46 159 -46 128 105 128 -105 154 61
154 -61 160 43 160 -43 129 104 129 -104
165 16 165 -16 130 103 130 -103 148 75
148 -75 150 71 150 -71 166 5 166 -5
119 116 119 -116 122 113 122 -113 123 112
123 -112 133 100 133 -100 124 111 124 -111
151 70 151 -70 142 87 142 -87 164 29
164 -29 145 82 145 -82 158 53 158 -53
127 108 127 -108 160 47 160 -47 156 59
156 -59 167 0 167 2 167 -2 165 26
165 -26 166 19 166 -19 154 65 154 -65
167 8 167 -8 144 85 144 -85 166 21
166 -21 160 49 160 -49 156 61 156 -61
138 95 138 -95 145 84 145 -84 121 116
121 -116 122 115 122 -115 166 25 166 -25
160 51 160 -51 127 110 127 -110 151 74
151 -74 167 20 167 -20 136 99 136 -99
153 70 153 -70 130 107 130 -107 168 13
168 -13 160 53 160 -53 150 77 150 -77
152 73 152 -73 154 69 154 -69 157 62
157 -62 168 17 168 -17 166 31 166 -31
139 96 139 -96 146 85 146 -85 143 90
143 -90 122 117 122 -117 169 6 169 -6
125 114 125 -114 155 68 155 -68 144 89
144 -89 169 10 169 -10 165 38 165 -38
136 101 136 -101 152 75 152 -75 168 23
168 -23 167 30 167 -30 148 83 148 -83
142 93 142 -93 169 16 169 -16 161 54
161 -54 170 1 170 -1 170 3 170 -3
164 45 164 -45 158 63 158 -63 170 7
170 -7 169 20 169 -20 140 97 140 -97
144 91 144 -91 170 11 170 -11 152 77
152 -77 166 39 166 -39 126 115 126 -115
148 85 148 -85 169 24 169 -24 128 113
128 -113 137 102 137 -102 151 80 151 -80
155 72 155 -72 130 111 130 -111 162 55
162 -55 164 49 164 -49 167 38 167 -38
150 83 150 -83 140 99 140 -99 170 23
170 -23 171 14 171 -14 158 67 158 -67
148 87 148 -87 155 74 155 -74 124 119
124 -119 160 63 160 -63 142 97 142 -97
166 45 166 -45 170 27 170 -27 172 7
172 -7 171 20 171 -20 130 113 130 -113
169 34 169 -34 170 29 170 -29 172 13
172 -13 144 95 144 -95 133 110 133 -110
157 72 157 -72 134 109 134 -109 172 17
172 -17 141 100 141 -100 171 26 171 -26
164 55 164 -55 170 33 170 -33 123 122
123 -122 173 10 173 -10 160 67 160 -67
129 116 129 -116 155 78 155 -78 172 23
172 -23 153 82 153 -82 139 104 139 -104
169 40 169 -40 163 60 163 -60 159 70
159 -70 151 86 151 -86 145 96 145 -96
173 18 173 -18 170 37 170 -37 158 73
158 -73 172 27 172 -27 146 95 146 -95
167 50 167 -50 143 100 143 -100 162 65
162 -65 138 107 138 -107 169 44 169 -44
125 122 125 -122 126 121 126 -121 127 120
127 -120 148 93 148 -93 139 106 139 -106
156 79 156 -79 167 52 167 -52 174 19
174 -19 132 115 132 -115 175 6 175 -6
169 46 169 -46 175 8 175 -8 141 104
141 -104 173 28 173 -28 159 74 159 -74
142 103 142 -103 150 91 150 -91 172 35
172 -35 136 111 136 -111 173 30 173 -30
171 40 171 -40 143 102 143 -102 137 110
137 -110 175 16 175 -16 158 77 158 -77
144 101 144 -101 154 85 154 -85 175 18
175 -18 176 1 176 -1 127 122 127 -122
168 53 168 -53 165 62 165 -62 155 84
155 -84 164 65 164 -65 153 88 153 -88
171 44 171 -44 134 115 134 -115 142 105
142 -105 163 68 163 -68 174 31 174 -31
168 55 168 -55 167 58 167 -58 166 61
166 -61 165 64 165 -64 177 2 177 -2
176 19 176 -19 171 46 171 -46 177 8
177 -8 161 74 161 -74 163 70 163 -70
169 54 169 -54 140 109 140 -109 167 60
167 -60 128 123 128 -123 146 101 146 -101
130 121 130 -121 162 73 162 -73 176 25
176 -25 175 32 175 -32 164 69 164 -69
136 115 136 -115 177 20 177 -20 171 50
171 -50 155 88 155 -88 172 47 172 -47
176 29 176 -29 165 68 165 -68 153 92
153 -92 174 41 174 -41 178 17 178 -17
141 110 141 -110 128 125 128 -125 130 123
130 -123 179 0 179 4 179 -4 175 38
175 -38 179 6 179 -6 133 120 133 -120
134 119 134 -119 179 10 179 -10 162 77
162 -77 158 85 158 -85 178 23 178 -23
173 48 173 -48 179 14 179 -14 156 89
156 -89 145 106 145 -106 179 16 179 -16
178 25 178 -25 161 80 161 -80 146 105
146 -105 177 32 177 -32 140 113 140 -113
171 56 171 -56 170 59 170 -59 180 1
180 -1 178 27 178 -27 173 50 173 -50
179 20 179 -20 176 39 176 -39 158 87
158 -87 131 124 131 -124 175 44 175 -44
180 13 180 -13 133 122 133 -122 172 55
172 -55 170 61 170 -61 173 52 173 -52
163 78 163 -78 137 118 137 -118 168 67
168 -67 179 26 179 -26 157 90 157 -90
167 70 167 -70 181 6 181 -6 151 100
151 -100 172 57 172 -57 170 63 170 -63
178 35 178 -35 169 66 169 -66 142 113
142 -113 179 30 179 -30 181 14 181 -14
163 80 163 -80 143 112 143 -112 153 98
153 -98 130 127 130 -127 131 126 131 -126
132 125 132 -125 178 37 178 -37 167 72
167 -72 157 92 157 -92 182 5 182 -5
181 20 181 -20 166 75 166 -75 140 117
140 -117 174 55 174 -55 161 86 161 -86
175 52 175 -52 182 15 182 -15 148 107
148 -107 176 49 176 -49 153 100 153 -100
182 17 182 -17 164 81 164 -81 169 70
169 -70 162 85 162 -85 183 2 183 -2
160 89 160 -89 173 60 173 -60 178 43
178 -43 145 112 145 -112 176 51 176 -51
134 125 134 -125 183 10 183 -10 135 124
135 -124 158 93 158 -93 151 104 151 -104
155 98 155 -98 146 111 146 -111 179 40
179 -40 152 103 152 -103 139 120 139 -120
182 25 182 -25 174 59 174 -59 180 37
180 -37 173 62 173 -62 166 79 166 -79
172 65 172 -65 177 50 177 -50 184 1
184 -1 183 20 183 -20 178 47 178 -47
184 9 184 -9 170 71 170 -71 144 115
144 -115 174 61 174 -61 177 52 177 -52
181 36 181 -36 131 130 131 -130 152 105
152 -105 171 70 171 -70 179 46 179 -46
182 33 182 -33 184 19 184 -19 157 98
157 -98 185 6 185 -6 183 28 183 -28
184 21 184 -21 149 110 149 -110 163 88
163 -88 169 76 169 -76 181 40 181 -40
185 12 185 -12 150 109 150 -109 185 14
185 -14 155 102 155 -102 176 59 176 -59
175 62 175 -62 174 65 174 -65 183 32
183 -32 156 101 156 -101 185 18 185 -18
133 130 133 -130 167 82 167 -82 157 100
157 -100 148 113 148 -113 177 58 177 -58
175 64 175 -64 140 123 140 -123 161 94
161 -94 166 85 166 -85 155 104 155 -104
143 120 143 -120 181 46 181 -46 144 119
144 -119 172 73 172 -73 145 118 145 -118
169 80 169 -80 175 66 175 -66 157 102
157 -102 187 10 187 -10 184 35 184 -35
183 40 183 -40 134 131 134 -131 148 115
148 -115 170 79 170 -79 182 45 182 -45
137 128 137 -128 176 65 176 -65 186 25
186 -25 141 124 141 -124 159 100 159 -100
174 71 174 -71 188 3 188 -3 185 34
185 -34 188 7 188 -7 160 99 160 -99
186 29 186 -29 168 85 168 -85 170 81
170 -81 153 110 153 -110 185 36 185 -36
147 118 147 -118 184 41 184 -41 188 15
188 -15 158 103 158 -103 148 117 148 -117
154 109 154 -109 169 84 169 -84 181 54
181 -54 140 127 140 -127 187 28 187 -28
151 114 151 -114 160 101 160 -101 175 72
175 -72 166 91 166 -91 187 30 187 -30
181 56 181 -56 182 53 182 -53 188 25
188 -25 189 16 189 -16 187 32 187 -32
173 78 173 -78 176 71 176 -71 154 111
154 -111 165 94 165 -94 188 27 188 -27
159 104 159 -104 190 3 190 -3 179 64
179 -64 185 44 185 -44 160 103 160 -103
156 109 156 -109 177 70 177 -70 140 129
140 -129 190 13 190 -13 186 41 186 -41
142 127 142 -127 157 108 157 -108 185 46
185 -46 167 92 167 -92 182 57 182 -57
190 17 190 -17 188 33 188 -33 184 51
184 -51 170 87 170 -87 172 83 172 -83
191 0 147 122 147 -122 191 4 191 -4
185 48 185 -48 190 21 190 -21 190 23
190 -23 171 86 171 -86 173 82 173 -82
191 14 191 -14 164 99 164 -99 175 78
175 -78 188 37 188 -37 136 135 136 -135
157 110 157 -110 140 131 140 -131 141 130
141 -130 152 117 152 -117 172 85 172 -85
170 89 170 -89 143 128 143 -128 181 64
181 -64 189 34 189 -34 145 126 145 -126
192 7 192 -7 185 52 185 -52 163 102
163 -102 186 49 186 -49 178 73 178 -73
155 114 155 -114 160 107 160 -107 191 24
191 -24 190 31 190 -31 164 101 164 -101
181 66 181 -66 170 91 170 -91 190 33
190 -33 151 120 151 -120 176 79 176 -79
193 2 193 -2 187 48 187 -48 139 134
139 -134 178 75 178 -75 193 8 193 -8
189 40 189 -40 184 59 184 -59 166 99
166 -99 185 56 185 -56 188 45 188 -45
169 94 169 -94 145 128 145 -128 180 71
180 -71 192 25 192 -25 167 98 167 -98
174 85 174 -85 179 74 179 -74 148 125
148 -125 176 81 176 -81 170 93 170 -93
156 115 156 -115 193 18 193 -18 185 58
185 -58 168 97 168 -97 193 20 193 -20
189 44 189 -44 162 107 162 -107 194 9
194 -9 190 41 190 -41 138 137 138 -137
142 133 142 -133 194 15 194 -15 167 100
167 -100 144 131 144 -131 146 129 146 -129
147 128 147 -128 194 19 194 -19 177 82
177 -82 185 62 185 -62 183 68 183 -68
193 30 193 -30 188 53 188 -53 151 124
151 -124 158 115 158 -115 174 89 174 -89
176 85 176 -85 181 74 181 -74 194 25
194 -25 193 32 193 -32 195 16 195 -16
186 61 186 -61 185 64 185 -64 180 77
180 -77 187 58 187 -58 141 136 141 -136
173 92 173 -92 145 132 145 -132 182 73
182 -73 165 106 165 -106 190 49 190 -49
174 91 174 -91 169 100 169 -100 187 60
187 -60 188 57 188 -57 172 95 172 -95
150 127 150 -127 158 117 158 -117 163 110
163 -110 151 126 151 -126 193 38 193 -38
192 43 192 -43 152 125 152 -125 159 116
159 -116 182 75 182 -75 186 65 186 -65
168 103 168 -103 194 35 194 -35 197 8
197 -8 161 114 161 -114 140 139 140 -139
142 137 142 -137 197 12 197 -12 156 121
156 -121 172 97 172 -97 196 25 196 -25
175 92 175 -92 179 84 179 -84 163 112
163 -112 197 18 197 -18 194 39 194 -39
181 80 181 -80 195 34 195 -34 197 20
197 -20 164 111 164 -111 198 5 198 -5
152 127 152 -127 171 100 171 -100 197 22
197 -22 174 95 174 -95 188 63 188 -63
194 41 194 -41 154 125 154 -125 198 13
198 -13 191 54 191 -54 185 72 185 -72
175 94 175 -94 170 103 170 -103 145 136
145 -136 146 135 146 -135 188 65 188 -65
190 59 190 -59 199 0 197 30 197 -30
198 23 198 -23 193 50 193 -50 160 119
160 -119 165 112 165 -112 190 61 190 -61
198 25 198 -25 175 96 175 -96 199 16
199 -16 187 70 187 -70 166 111 166 -111
155 126 155 -126 173 100 173 -100 196 39
196 -39 193 52 193 -52 167 110 167 -110
200 3 200 -3 182 83 182 -83 194 49
194 -49 158 123 158 -123 148 135 148 -135
187 72 187 -72 200 13 200 -13 199 24
199 -24 150 133 150 -133 172 103 172 -103
183 82 183 -82 194 51 194 -51 160 121
160 -121 197 38 197 -38 199 26 199 -26
200 17 200 -17 154 129 154 -129 200 19
200 -19 198 35 198 -35 167 112 167 -112
163 118 163 -118 200 23 200 -23 191 64
191 -64 201 14 201 -14 172 105 172 -105
146 139 146 -139 182 87 182 -87 149 136
149 -136 178 95 178 -95 201 20 201 -20
202 3 202 -3 202 5 202 -5 200 29
200 -29 193 60 193 -60 202 7 202 -7
199 36 199 -36 177 98 177 -98 185 82
185 -82 200 31 200 -31 202 13 202 -13
168 113 168 -113 196 51 196 -51 164 119
164 -119 201 26 201 -26 184 85 184 -85
197 48 197 -48 194 59 194 -59 190 71
190 -71 165 118 165 -118 195 56 195 -56
176 101 176 -101 145 142 145 -142 199 40
199 -40 203 2 203 -2 170 111 170 -111
183 88 183 -88 179 96 179 -96 150 137
150 -137 185 84 185 -84 202 23 202 -23
171 110 171 -110 194 61 194 -61 191 70
191 -70 195 58 195 -58 198 47 198 -47
163 122 163 -122 197 52 197 -52 200 39
200 -39 157 130 157 -130 173 108 173 -108
181 94 181 -94 203 20 203 -20 204 1
204 -1 185 86 185 -86 204 5 204 -5
170 113 170 -113 200 41 200 -41 160 127
160 -127 204 11 204 -11 145 144 145 -144
184 89 184 -89 149 140 149 -140 180 97
180 -97 167 118 167 -118 200 43 200 -43
202 33 202 -33 196 59 196 -59 154 135
154 -135 183 92 183 -92 191 74 191 -74
185 88 185 -88 155 134 155 -134 198 53
198 -53 169 116 169 -116 205 6 205 -6
157 132 157 -132 205 8 205 -8 199 50
199 -50 174 109 174 -109 205 12 205 -12
159 130 159 -130 192 73 192 -73 166 121
166 -121 200 47 200 -47 205 14 205 -14
191 76 191 -76 205 16 205 -16 178 103
178 -103 201 44 201 -44 205 18 205 -18
162 127 162 -127 194 69 194 -69 197 60
197 -60 193 72 193 -72 206 1 206 -1
204 29 204 -29 206 5 206 -5 173 112
173 -112 205 22 205 -22 182 97 182 -97
206 11 206 -11 188 85 188 -85 204 31
204 -31 170 117 170 -117 196 65 196 -65
195 68 195 -68 194 71 194 -71 185 92
185 -92 171 116 171 -116 205 26 205 -26
178 105 178 -105 199 56 199 -56 167 122
167 -122 192 77 192 -77 206 19 206 -19
161 130 161 -130 202 45 202 -45 204 35
204 -35 207 2 207 -2 201 50 201 -50
148 145 148 -145 149 144 149 -144 163 128
163 -128 169 120 169 -120 190 83 190 -83
202 47 202 -47 154 139 154 -139 205 32
205 -32 183 98 183 -98 189 86 189 -86
178 107 178 -107 196 69 196 -69 158 135
158 -135 199 60 199 -60 159 134 159 -134
194 75 194 -75 208 7 208 -7 205 36
205 -36 206 31 206 -31 185 96 185 -96
196 71 196 -71 200 59 200 -59 149 146
149 -146 170 121 170 -121 153 142 153 -142
181 104 181 -104 154 141 154 -141 165 128
165 -128 202 53 202 -53 207 28 207 -28
193 80 193 -80 206 35 206 -35 190 87
190 -87 209 6 209 -6 200 61 200 -61
192 83 192 -83 159 136 159 -136 209 10
209 -10 205 42 205 -42 208 23 208 -23
195 76 195 -76 173 118 173 -118 208 25
208 -25 203 52 203 -52 162 133 162 -133
205 44 205 -44 200 63 200 -63 193 82
193 -82 181 106 181 -106 204 49 204 -49
190 89 190 -89 170 123 170 -123 196 75
196 -75 202 57 202 -57 192 85 192 -85
210 1 210 -1 152 145 152 -145 155 142
155 -142 176 115 176 -115 210 11 210 -11
157 140 157 -140 209 24 209 -24 210 13
210 -13 167 128 167 -128 180 109 180 -109
207 38 207 -38 209 26 209 -26 190 91
190 -91 210 17 210 -17 161 136 161 -136
207 40 207 -40 178 113 178 -113 201 64
201 -64 199 70 199 -70 211 0 198 73
198 -73 211 4 211 -4 175 118 175 -118
171 124 171 -124 211 10 211 -10 208 37
208 -37 204 55 204 -55 196 79 196 -79
150 149 150 -149 205 52 205 -52 154 145
154 -145 188 97 188 -97 202 63 202 -63
211 16 211 -16 167 130 167 -130 186 101
186 -101 203 60 203 -60 197 78 197 -78
178 115 178 -115 174 121 174 -121 212 3
212 -3 162 137 162 -137 203 62 203 -62
210 31 210 -31 199 74 199 -74 164 135
164 -135 176 119 176 -119 205 56 205 -56
165 134 165 -134 211 26 211 -26 212 17
212 -17 209 40 209 -40 208 45 208 -45
202 67 202 -67 191 94 191 -94 200 73
200 -73 204 61 204 -61 155 146 155 -146
156 145 156 -145 199 76 199 -76 205 58
205 -58 158 143 158 -143 213 8 213 -8
160 141 160 -141 179 116 179 -116 197 82
197 -82 170 129 170 -129 207 52 207 -52
194 89 194 -89 212 25 212 -25 183 110
183 -110 163 138 163 -138 196 85 196 -85
212 27 212 -27 211 34 211 -34 191 96
191 -96 184 109 184 -109 181 114 181 -114
211 36 211 -36 214 5 214 -5 203 68
203 -68 204 65 204 -65 213 22 213 -22
205 62 205 -62 182 113 182 -113 210 43
210 -43 188 103 188 -103 158 145 158 -145
214 15 214 -15 160 143 160 -143 170 131
170 -131 208 53 208 -53 198 83 198 -83
202 73 202 -73 171 130 171 -130 213 28
213 -28 209 50 209 -50 215 2 215 -2
214 21 214 -21 215 6 215 -6 192 97
192 -97 190 101 190 -101 210 47 210 -47
196 89 196 -89 182 115 182 -115 205 66
205 -66 179 120 179 -120 211 44 211 -44
186 109 186 -109 195 92 195 -92 215 18
215 -18 158 147 158 -147 170 133 170 -133
176 125 176 -125 187 108 187 -108 205 68
205 -68 216 5 216 -5 214 31 214 -31
185 112 185 -112 209 56 209 -56 173 130
173 -130 193 98 193 -98 195 94 195 -94
166 139 166 -139 200 83 200 -83 215 26
215 -26 167 138 167 -138 189 106 189 -106
168 137 168 -137 199 86 199 -86 216 19
216 -19 180 121 180 -121 169 136 169 -136
217 2 217 -2 155 152 155 -152 156 151
156 -151 157 150 157 -150 181 120 181 -120
217 10 217 -10 185 114 185 -114 161 146
161 -146 162 145 162 -145 203 78 203 -78
191 104 191 -104 178 125 178 -125 214 39
214 -39 173 132 173 -132 215 34 215 -34
165 142 165 -142 179 124 179 -124 196 95
196 -95 216 29 216 -29 205 74 205 -74
187 112 187 -112 215 36 215 -36 218 3
218 -3 200 87 200 -87 210 59 210 -59
203 80 203 -80 195 98 195 -98 193 102
193 -102 211 56 211 -56 185 116 185 -116
199 90 199 -90 177 128 177 -128 191 106
191 -106 171 136 171 -136 155 154 155 -154
209 64 209 -64 201 86 201 -86 172 135
172 -135 194 101 194 -101 204 79 204 -79
213 50 213 -50 216 35 216 -35 179 126
179 -126 203 82 203 -82 212 55 212 -55
219 4 219 -4 190 109 190 -109 184 119
184 -119 202 85 202 -85 175 132 175 -132
213 52 213 -52 205 78 205 -78 211 60
211 -60 219 14 219 -14 212 57 212 -57
214 49 214 -49 170 139 170 -139 200 91
200 -91 192 107 192 -107 216 41 216 -41
215 46 215 -46 172 137 172 -137 214 51
214 -51 220 3 220 -3 197 98 197 -98
199 94 199 -94 220 7 220 -7 163 148
163 -148 220 9 220 -9 184 121 184 -121
217 38 217 -38 165 146 165 -146 210 67
210 -67 208 73 208 -73 200 93 200 -93
194 105 194 -105 168 143 168 -143 206 79
206 -79 213 58 213 -58 186 119 186 -119
220 19 220 -19 170 141 170 -141 197 100
197 -100 199 96 199 -96 214 55 214 -55
221 4 221 -4 190 113 190 -113 208 75
208 -75 203 88 203 -88 173 138 173 -138
158 155 158 -155 160 153 160 -153 188 117
188 -117 221 14 221 -14 216 49 216 -49
163 150 163 -150 205 84 205 -84 185 122
185 -122 219 34 219 -34 175 136 175 -136
209 74 209 -74 212 65 212 -65 189 116
189 -116 208 77 208 -77 176 135 176 -135
182 127 182 -127 195 106 195 -106 214 59
214 -59 169 144 169 -144 222 7 222 -7
187 120 187 -120 217 48 217 -48 200 97
200 -97 221 24 221 -24 210 73 210 -73
212 67 212 -67 191 114 191 -114 184 125
184 -125 173 140 173 -140 204 89 204 -89
218 45 218 -45 174 139 174 -139 158 157
158 -157 192 113 192 -113 175 138 175 -138
216 55 216 -55 164 151 164 -151 223 0
221 30 221 -30 166 149 166 -149 190 117
190 -117 200 99 200 -99 187 122 187 -122
169 146 169 -146 220 39 220 -39 191 116
191 -116 194 111 194 -111 213 68 213 -68
214 65 214 -65 172 143 172 -143 223 18
223 -18 215 62 215 -62 219 46 219 -46
173 142 173 -142 185 126 185 -126 223 20
223 -20 208 83 208 -83 224 1 224 -1
186 125 186 -125 190 119 190 -119 212 73
212 -73 215 64 215 -64 165 152 165 -152
218 53 218 -53 210 79 210 -79 216 61
216 -61 199 104 199 -104 221 40 221 -40
219 50 219 -50 184 129 184 -129 223 28
223 -28 218 55 218 -55 215 66 215 -66
207 88 207 -88 190 121 190 -121 223 32
223 -32 218 57 218 -57 221 44 221 -44
175 142 175 -142 225 14 225 -14 208 87
208 -87 215 68 215 -68 176 141 176 -141
212 77 212 -77 162 157 162 -157 197 110
197 -110 177 140 177 -140 221 46 221 -46
188 125 188 -125 210 83 210 -83 167 152
167 -152 220 51 220 -51 169 150 169 -150
225 22 225 -22 222 43 222 -43 224 31
224 -31 226 9 226 -9 180 137 180 -137
172 147 172 -147 226 11 226 -11 201 104
201 -104 190 123 190 -123 205 96 205 -96
181 136 181 -136 223 40 223 -40 221 50
221 -50 182 135 182 -135 175 144 175 -144
202 103 202 -103 214 75 214 -75 226 19
226 -19 200 107 200 -107 206 95 206 -95
188 127 188 -127 195 116 195 -116 226 21
226 -21 161 160 161 -160 227 0 211 84
211 -84 166 155 166 -155 227 8 227 -8
203 102 203 -102 201 106 201 -106 227 12
227 -12 217 68 217 -68 180 139 180 -139
218 65 218 -65 213 80 213 -80 194 119
194 -119 204 101 204 -101 202 105 202 -105
227 18 227 -18 187 130 187 -130 182 137
182 -137 208 93 208 -93 227 20 227 -20
175 146 175 -146 195 118 195 -118 198 113
198 -113 221 56 221 -56 228 5 228 -5
210 89 210 -89 219 64 219 -64 225 38
225 -38 184 135 184 -135 220 61 220 -61
228 13 228 -13 164 159 164 -159 185 134
185 -134 165 158 165 -158 224 45 224 -45
206 99 206 -99 168 155 168 -155 202 107
202 -107 208 95 208 -95 226 35 226 -35
227 28 227 -28 200 111 200 -111 181 140
181 -140 220 63 220 -63 223 52 223 -52
207 98 207 -98 229 4 229 -4 192 125
192 -125 201 110 201 -110 209 94 209 -94
175 148 175 -148 229 10 229 -10 227 32
227 -32 225 44 225 -44 228 25 228 -25
208 97 208 -97 229 16 229 -16 178 145
178 -145 185 136 185 -136 197 118 197 -118
226 41 226 -41 200 113 200 -113 163 162
163 -162 164 161 164 -161 166 159 166 -159
219 70 219 -70 220 67 220 -67 230 1
230 -1 221 64 221 -64 171 154 171 -154
227 38 227 -38 230 9 230 -9 229 24
229 -24 230 13 230 -13 174 151 174 -151
183 140 183 -140 223 58 223 -58 226 45
226 -45 213 88 213 -88 229 26 229 -26
227 40 227 -40 218 75 218 -75 220 69
220 -69 217 78 217 -78 230 17 230 -17
221 66 221 -66 224 55 224 -55 177 148
177 -148 185 138 185 -138 215 84 215 -84
203 110 203 -110 228 37 228 -37 231 4
231 -4 191 130 191 -130 195 124 195 -124
219 74 219 -74 220 71 220 -71 218 77
218 -77 170 157 170 -157 188 135 188 -135
212 93 212 -93 229 34 229 -34 172 155
172 -155 231 16 231 -16 230 27 230 -27
193 128 193 -128 183 142 183 -142 224 59
224 -59 209 100 209 -100 197 122 197 -122
214 89 214 -89 222 67 222 -67 176 151
176 -151 217 82 217 -82 232 5 232 -5
201 116 201 -116 230 31 230 -31 216 85
216 -85 224 61 224 -61 186 139 186 -139
232 13 232 -13 199 120 199 -120 187 138
187 -138 231 26 231 -26 232 15 232 -15
226 55 226 -55 165 164 165 -164 167 162
167 -162 170 159 170 -159 228 47 228 -47
189 136 189 -136 230 37 230 -37 194 129
194 -129 233 2 233 -2 219 80 219 -80
229 44 229 -44 224 65 224 -65 195 128
195 -128 218 83 218 -83 230 39 230 -39
191 134 191 -134 232 25 232 -25 225 62
225 -62 202 117 202 -117 209 104 209 -104
231 34 231 -34 211 100 211 -100 179 150
179 -150 216 89 216 -89 230 41 230 -41
180 149 180 -149 221 76 221 -76 223 70
223 -70 193 132 193 -132 210 103 210 -103
208 107 208 -107 225 64 225 -64 233 22
233 -22 198 125 198 -125 217 88 217 -88
190 137 190 -137 234 11 234 -11 184 145
184 -145 209 106 209 -106 229 50 229 -50
207 110 207 -110 213 98 213 -98 176 155
176 -155 228 55 228 -55 205 114 205 -114
232 35 232 -35 196 129 196 -129 215 94
215 -94 233 28 233 -28 230 47 230 -47
234 19 234 -19 180 151 180 -151 222 77
222 -77 224 71 224 -71 235 2 235 -2
225 68 225 -68 233 32 233 -32 198 127
198 -127 211 104 211 -104 227 62 227 -62
234 25 234 -25 215 96 215 -96 169 164
169 -164 170 163 170 -163 230 51 230 -51
173 160 173 -160 185 146 185 -146 175 158
175 -158 203 120 203 -120 186 145 186 -145
192 137 192 -137 206 115 206 -115 232 43
232 -43 216 95 216 -95 236 1 236 -1
234 31 234 -31 236 5 236 -5 233 38
233 -38 188 143 188 -143 223 78 223 -78
236 11 236 -11 215 98 215 -98 226 69
226 -69 232 45 232 -45 233 40 233 -40
221 84 221 -84 235 26 235 -26 236 15
236 -15 202 123 202 -123 205 118 205 -118
214 101 214 -101 235 28 235 -28 229 60
229 -60 233 42 233 -42 191 140 191 -140
203 122 203 -122 225 74 225 -74 168 167
168 -167 230 57 230 -57 174 161 174 -161
228 65 228 -65 221 86 221 -86 235 32
235 -32 237 10 237 -10 178 157 178 -157
188 145 188 -145 179 156 179 -156 212 107
212 -107 225 76 225 -76 224 79 224 -79
234 41 234 -41 223 82 223 -82 228 67
228 -67 181 154 181 -154 208 115 208 -115
199 130 199 -130 222 85 222 -85 182 153
182 -153 237 20 237 -20 206 119 206 -119
215 102 215 -102 232 53 232 -53 220 91
220 -91 226 75 226 -75 227 72 227 -72
224 81 224 -81 207 118 207 -118 172 165
172 -165 238 13 238 -13 214 105 214 -105
216 101 216 -101 187 148 187 -148 198 133
198 -133 176 161 176 -161 205 122 205 -122
236 35 236 -35 177 160 177 -160 221 90
221 -90 194 139 194 -139 235 42 235 -42
233 52 233 -52 189 146 189 -146 215 104
215 -104 232 57 232 -57 206 121 206 -121
217 100 217 -100 181 156 181 -156 239 0
182 155 182 -155 238 23 238 -23 237 32
237 -32 239 10 239 -10 204 125 204 -125
238 25 238 -25 201 130 201 -130 185 152
185 -152 225 82 225 -82 238 27 238 -27
230 67 230 -67 186 151 186 -151 193 142
193 -142 231 64 231 -64 217 102 217 -102
235 48 235 -48 199 134 199 -134 203 128
203 -128 240 1 240 -1 226 81 226 -81
179 160 179 -160 240 7 240 -7 233 58
233 -58 200 133 200 -133 239 24 239 -24
190 147 190 -147 212 113 212 -113 196 139
196 -139 182 157 182 -157 234 55 234 -55
232 63 232 -63 220 97 220 -97 223 90
223 -90 197 138 197 -138 184 155 184 -155
205 126 205 -126 229 74 229 -74 198 137
198 -137 211 116 211 -116 238 37 238 -37
232 65 232 -65 221 96 221 -96 206 125
206 -125 187 152 187 -152 203 130 203 -130
240 23 240 -23 173 168 173 -168 212 115
212 -115 195 142 195 -142 223 92 223 -92
229 76 229 -76 230 73 230 -73 234 59
234 -59 222 95 222 -95 232 67 232 -67
180 161 180 -161 241 16 241 -16 225 88
225 -88 208 123 208 -123 239 36 239 -36
240 29 240 -29 183 158 183 -158 234 61
234 -61 241 20 241 -20 216 109 216 -109
218 105 218 -105 242 3 242 -3 220 101
220 -101 242 7 242 -7 241 24 241 -24
194 145 194 -145 222 97 222 -97 242 13
242 -13 210 121 210 -121 241 26 241 -26
242 15 242 -15 208 125 208 -125 201 136
201 -136 190 151 190 -151 178 165 178 -165
233 68 233 -68 211 120 211 -120 179 164
179 -164 226 89 226 -89 220 103 220 -103
214 115 214 -115 202 135 202 -135 243 2
243 -2 235 62 235 -62 206 129 206 -129
242 23 242 -23 243 8 243 -8 230 79
230 -79 243 10 243 -10 219 106 219 -106
228 85 228 -85 215 114 215 -114 207 128
207 -128 227 88 227 -88 240 41 240 -41
223 98 223 -98 195 146 195 -146 226 91
226 -91 188 155 188 -155 241 36 241 -36
208 127 208 -127 236 61 236 -61 196 145
196 -145 238 53 238 -53 233 72 233 -72
229 84 229 -84 190 153 190 -153 173 172
173 -172 209 126 209 -126 244 5 244 -5
235 66 235 -66 244 9 244 -9 239 50
239 -50 227 90 227 -90 238 55 238 -55
182 163 182 -163 223 100 223 -100 232 77
232 -77 234 71 234 -71 240 47 240 -47
243 28 243 -28 236 65 236 -65 195 148
195 -148 214 119 214 -119 205 134 205 -134
237 62 237 -62 241 44 241 -44 245 2
245 -2 239 54 239 -54 245 4 245 -4
221 106 221 -106 245 8 245 -8 226 95
226 -95 223 102 223 -102 215 118 215 -118
244 25 244 -25 245 12 245 -12 175 172
175 -172 176 171 176 -171 239 56 239 -56
180 167 180 -167 218 113 218 -113 181 166
181 -166 199 144 199 -144 193 152 193 -152
233 78 233 -78 211 126 211 -126 242 43
242 -43 200 143 200 -143 236 69 236 -69
243 38 243 -38 244 31 244 -31 245 22
245 -22 205 136 205 -136 242 45 242 -45
245 24 245 -24 196 149 196 -149 246 11
246 -11 243 40 243 -40 206 135 206 -135
233 80 233 -80 222 107 222 -107 236 71
236 -71 231 86 231 -86 244 35 244 -35
242 47 242 -47 237 68 237 -68 230 89
230 -89 238 65 238 -65 192 155 192 -155
175 174 175 -174 177 172 177 -172 199 146
199 -146 204 139 204 -139 208 133 208 -133
180 169 180 -169 235 76 235 -76 244 39
244 -39 185 164 185 -164 195 152 195 -152
246 25 246 -25 247 12 247 -12 220 113
220 -113 202 143 202 -143 210 131 210 -131
216 121 216 -121 247 18 247 -18 246 29
246 -29 190 159 190 -159 247 20 247 -20
219 116 219 -116 225 104 225 -104 245 38
245 -38 247 22 247 -22 248 7 248 -7
244 45 244 -45 200 147 200 -147 178 173
178 -173 209 134 209 -134 229 96 229 -96
248 13 248 -13 241 60 241 -60 201 146
201 -146 248 15 248 -15 206 139 206 -139
185 166 185 -166 242 57 242 -57 221 114
221 -114 225 106 225 -106 247 30 247 -30
227 102 227 -102 235 82 235 -82 245 44
245 -44 234 85 234 -85 249 4 249 -4
222 113 222 -113 224 109 224 -109 191 160
191 -160 248 25 248 -25 244 51 244 -51
245 46 245 -46 205 142 205 -142 200 149
200 -149 193 158 193 -158 248 27 248 -27
223 112 223 -112 221 116 221 -116 249 20
249 -20 184 169 184 -169 232 93 232 -93
211 134 211 -134 224 111 224 -111 250 1
250 -1 242 63 242 -63 250 7 250 -7
250 9 250 -9 239 74 239 -74 189 164
189 -164 212 133 212 -133 218 123 218 -123
230 99 230 -99 233 92 233 -92 205 144
205 -144 247 42 247 -42 200 151 200 -151
250 19 250 -19 210 137 210 -137 248 37
248 -37 239 76 239 -76 236 85 236 -85
240 73 240 -73 235 88 235 -88 241 70
241 -70 195 158 195 -158 251 0 250 23
250 -23 183 172 183 -172 184 171 184 -171
203 148 203 -148 218 125 218 -125 251 14
251 -14 221 120 221 -120 189 166 189 -166
209 140 209 -140 247 48 247 -48 199 154
199 -154 219 124 219 -124 248 43 248 -43
231 100 231 -100 191 164 191 -164 245 58
245 -58 226 111 226 -111 200 153 200 -153
210 139 210 -139 217 128 217 -128 193 162
193 -162
