0 1 1 1 1 -1 3 1 3 -1
3 2 3 -2 1 3 1 -3 5 0
3 4 3 -4 5 3 5 -3 7 0
3 5 3 -5 7 3 7 -3 1 6
1 -6 9 1 9 -1 9 2 9 -2
5 6 5 -6 3 7 3 -7 9 4
9 -4 9 5 9 -5 3 8 3 -8
11 3 11 -3 1 9 1 -9 13 0
9 7 9 -7 11 6 11 -6 7 9
7 -9 15 1 15 -1 15 2 15 -2
13 6 13 -6 3 11 3 -11 15 4
15 -4 9 10 9 -10 11 9 11 -9
17 3 17 -3 5 12 5 -12 13 9
13 -9 7 12 7 -12 3 13 3 -13
15 8 15 -8 19 3 19 -3 3 14
3 -14 11 12 11 -12 9 13 9 -13
19 6 19 -6 21 1 21 -1 21 2
21 -2 13 12 13 -12 15 11 15 -11
21 5 21 -5 7 15 7 -15 3 16
3 -16 19 9 19 -9 23 0 23 3
23 -3 15 13 15 -13 21 8 21 -8
11 15 11 -15 17 12 17 -12 3 17
3 -17 9 16 9 -16 23 6 23 -6
15 14 15 -14 13 15 13 -15 21 10
21 -10 25 3 25 -3 9 17 9 -17
5 18 5 -18 21 11 21 -11 23 9
23 -9 17 15 17 -15 27 4 27 -4
11 18 11 -18 25 9 25 -9 3 20
3 -20 19 15 19 -15 27 7 27 -7
29 0 27 8 27 -8 29 3 29 -3
9 20 9 -20 1 21 1 -21 5 21
5 -21 27 10 27 -10 17 18 17 -18
15 19 15 -19 21 16 21 -16 31 0
27 11 27 -11 3 22 3 -22 19 18
19 -18 21 17 21 -17 31 6 31 -6
9 22 9 -22 13 21 13 -21 33 1
33 -1 33 2 33 -2 31 9 31 -9
29 12 29 -12 1 24 1 -24 21 19
21 -19 17 21 17 -21 33 7 33 -7
15 22 15 -22 7 24 7 -24 33 8
33 -8 31 12 31 -12 3 25 3 -25
15 23 15 -23 33 10 33 -10 29 15
29 -15 35 6 35 -6 27 17 27 -17
13 24 13 -24 3 26 3 -26 37 0
21 22 21 -22 33 13 33 -13 9 26
9 -26 27 19 27 -19 1 27 1 -27
33 14 33 -14 5 27 5 -27 29 18
29 -18 21 23 21 -23 39 1 39 -1
37 9 37 -9 39 4 39 -4 39 5
39 -5 11 27 11 -27 33 16 33 -16
31 18 31 -18 39 7 39 -7 13 27
13 -27 37 12 37 -12 33 17 33 -17
27 22 27 -22 41 3 41 -3 39 10
39 -10 29 21 29 -21 17 27 17 -27
41 6 41 -6 25 24 25 -24 27 23
27 -23 1 30 1 -30 33 19 33 -19
43 3 43 -3 35 18 35 -18 33 20
33 -20 15 29 15 -29 39 14 39 -14
3 31 3 -31 27 25 27 -25 23 27
23 -27 29 24 29 -24 9 31 9 -31
43 9 43 -9 37 18 37 -18 45 1
45 -1 27 26 27 -26 25 27 25 -27
17 30 17 -30 39 17 39 -17 31 24
31 -24 9 32 9 -32 41 15 41 -15
43 12 43 -12 45 8 45 -8 19 30
19 -30 1 33 1 -33 5 33 5 -33
47 0 39 19 39 -19 37 21 37 -21
45 11 45 -11 15 32 15 -32 47 6
47 -6 27 28 27 -28 33 25 33 -25
13 33 13 -33 47 9 47 -9 35 24
35 -24 9 34 9 -34 27 29 27 -29
45 14 45 -14 33 26 33 -26 3 35
3 -35 17 33 17 -33 49 6 49 -6
37 24 37 -24 9 35 9 -35 19 33
19 -33 39 23 39 -23 1 36 1 -36
51 2 51 -2 5 36 5 -36 51 4
51 -4 33 28 33 -28 47 15 47 -15
35 27 35 -27 49 12 49 -12 51 7
51 -7 23 33 23 -33 11 36 11 -36
51 8 51 -8 43 21 43 -21 21 34
21 -34 27 32 27 -32 51 10 51 -10
25 33 25 -33 53 0 9 37 9 -37
41 24 41 -24 51 11 51 -11 49 15
49 -15 47 18 47 -18 3 38 3 -38
51 13 51 -13 19 36 19 -36 15 37
15 -37 9 38 9 -38 53 9 53 -9
43 24 43 -24 33 31 33 -31 29 33
29 -33 27 34 27 -34 49 18 49 -18
5 39 5 -39 45 23 45 -23 39 28
39 -28 23 36 23 -36 33 32 33 -32
11 39 11 -39 37 30 37 -30 55 9
55 -9 39 29 39 -29 3 40 3 -40
25 36 25 -36 57 1 57 -1 57 2
57 -2 53 15 53 -15 57 5 57 -5
43 27 43 -27 55 12 55 -12 51 19
51 -19 21 38 21 -38 17 39 17 -39
57 7 57 -7 47 24 47 -24 3 41
3 -41 29 36 29 -36 57 10 57 -10
53 18 53 -18 27 37 27 -37 57 11
57 -11 59 3 59 -3 1 42 1 -42
33 35 33 -35 37 33 37 -33 23 39
23 -39 45 28 45 -28 27 38 27 -38
59 9 59 -9 51 23 51 -23 55 18
55 -18 53 21 53 -21 13 42 13 -42
61 0 61 3 61 -3 57 16 57 -16
59 12 59 -12 9 43 9 -43 61 6
61 -6 21 41 21 -41 39 34 39 -34
51 25 51 -25 3 44 3 -44 19 42
19 -42 55 21 55 -21 15 43 15 -43
27 40 27 -40 59 15 59 -15 45 31
45 -31 63 4 63 -4 31 39 31 -39
63 5 63 -5 43 33 43 -33 57 20
57 -20 1 45 1 -45 23 42 23 -42
45 32 45 -32 27 41 27 -41 7 45
7 -45 59 18 59 -18 21 43 21 -43
25 42 25 -42 55 24 55 -24 49 30
49 -30 63 11 63 -11 57 22 57 -22
13 45 13 -45 3 46 3 -46 65 3
65 -3 39 37 39 -37 41 36 41 -36
51 29 51 -29 33 40 33 -40 65 6
65 -6 45 34 45 -34 17 45 17 -45
59 21 59 -21 39 38 39 -38 43 36
43 -36 33 41 33 -41 15 46 15 -46
63 16 63 -16 55 27 55 -27 67 3
67 -3 65 12 65 -12 51 31 51 -31
63 17 63 -17 67 6 67 -6 61 21
61 -21 15 47 15 -47 51 32 51 -32
67 9 67 -9 7 48 7 -48 21 46
21 -46 63 19 63 -19 39 40 39 -40
41 39 41 -39 11 48 11 -48 33 43
33 -43 69 4 69 -4 47 36 47 -36
57 28 57 -28 69 8 69 -8 57 29
57 -29 63 22 63 -22 19 48 19 -48
53 33 53 -33 49 36 49 -36 69 11
69 -11 3 50 3 -50 31 45 31 -45
71 0 51 35 51 -35 71 3 71 -3
9 50 9 -50 69 13 69 -13 65 21
65 -21 71 6 71 -6 27 47 27 -47
69 14 69 -14 57 31 57 -31 61 27
61 -27 41 42 41 -42 5 51 5 -51
25 48 25 -48 69 16 69 -16 59 30
59 -30 57 32 57 -32 11 51 11 -51
73 3 73 -3 45 41 45 -41 39 44
39 -44 3 52 3 -52 37 45 37 -45
21 50 21 -50 49 39 49 -39 29 48
29 -48 69 19 69 -19 33 47 33 -47
61 30 61 -30 27 49 27 -49 19 51
19 -51 31 48 31 -48 67 24 67 -24
63 29 63 -29 75 4 75 -4 59 33
59 -33 65 27 65 -27 71 18 71 -18
47 42 47 -42 73 15 73 -15 51 40
51 -40 25 51 25 -51 15 53 15 -53
21 52 21 -52 53 39 53 -39 5 54
5 -54 75 11 75 -11 7 54 7 -54
45 44 45 -44 71 21 71 -21 39 47
39 -47 11 54 11 -54 57 37 57 -37
69 25 69 -25 29 51 29 -51 55 39
55 -39 59 36 59 -36 33 50 33 -50
77 9 77 -9 69 26 69 -26 17 54
17 -54 9 55 9 -55 31 51 31 -51
75 17 75 -17 73 21 73 -21 77 12
77 -12 79 0 45 46 45 -46 51 43
51 -43 39 49 39 -49 69 28 69 -28
53 42 53 -42 9 56 9 -56 23 54
23 -54 77 15 77 -15 35 51 35 -51
57 40 57 -40 49 45 49 -45 51 44
51 -44 73 24 73 -24 21 55 21 -55
39 50 39 -50 79 12 79 -12 7 57
7 -57 55 42 55 -42 81 1 81 -1
81 2 81 -2 37 51 37 -51 77 18
77 -18 11 57 11 -57 81 7 81 -7
29 54 29 -54 81 8 81 -8 79 15
79 -15 3 58 3 -58 81 10 81 -10
61 39 61 -39 27 55 27 -55 31 54
31 -54 81 11 81 -11 45 49 45 -49
51 46 51 -46 71 30 71 -30 63 38
63 -38 41 51 41 -51 81 13 81 -13
83 3 83 -3 57 43 57 -43 83 6
83 -6 3 59 3 -59 75 26 75 -26
27 56 27 -56 51 47 51 -47 23 57
23 -57 9 59 9 -59 35 54 35 -54
57 44 57 -44 73 30 73 -30 83 12
83 -12 15 59 15 -59 75 28 75 -28
69 35 69 -35 71 33 71 -33 85 3
85 -3 81 19 81 -19 85 6 85 -6
75 29 75 -29 11 60 11 -60 63 41
63 -41 13 60 13 -60 79 24 79 -24
47 51 47 -51 53 48 53 -48 45 52
45 -52 3 61 3 -61 27 58 27 -58
31 57 31 -57 57 46 57 -46 17 60
17 -60 69 37 69 -37 73 33 73 -33
9 61 9 -61 81 22 81 -22 83 18
83 -18 75 31 75 -31 19 60 19 -60
87 2 87 -2 49 51 49 -51 45 53
45 -53 69 38 69 -38 75 32 75 -32
43 54 43 -54 27 59 27 -59 79 27
79 -27 35 57 35 -57 65 42 65 -42
39 56 39 -56 33 58 33 -58 63 44
63 -44 37 57 37 -57 85 18 85 -18
21 61 21 -61 87 13 87 -13 75 34
75 -34 5 63 5 -63 89 6 89 -6
51 52 51 -52 53 51 53 -51 67 42
67 -42 11 63 11 -63 87 16 87 -16
59 48 59 -48 69 41 69 -41 87 17
87 -17 31 60 31 -60 27 61 27 -61
41 57 41 -57 89 12 89 -12 51 53
51 -53 49 54 49 -54 81 29 81 -29
9 64 9 -64 87 19 87 -19 45 56
45 -56 61 48 61 -48 91 6 91 -6
75 37 75 -37 87 20 87 -20 85 24
85 -24 63 47 63 -47 79 33 79 -33
91 9 91 -9 23 63 23 -63 75 38
75 -38 77 36 77 -36 87 22 87 -22
67 45 67 -45 25 63 25 -63 81 32
81 -32 87 23 87 -23 53 54 53 -54
93 4 93 -4 83 30 83 -30 93 5
93 -5 47 57 47 -57 1 66 1 -66
91 15 91 -15 5 66 5 -66 93 7
93 -7 45 58 45 -58 7 66 7 -66
29 63 29 -63 89 21 89 -21 87 25
87 -25 93 10 93 -10 57 53 57 -53
61 51 61 -51 91 18 91 -18 39 61
39 -61 63 50 63 -50 77 39 77 -39
17 66 17 -66 81 35 81 -35 93 14
93 -14 95 3 95 -3 43 60 43 -60
9 67 9 -67 83 33 83 -33 71 45
71 -45 87 28 87 -28 93 16 93 -16
95 9 95 -9 15 67 15 -67 39 62
39 -62 93 17 93 -17 23 66 23 -66
3 68 3 -68 33 64 33 -64 79 39
79 -39 75 43 75 -43 25 66 25 -66
93 19 93 -19 63 52 63 -52 85 33
85 -33 21 67 21 -67 91 24 91 -24
45 61 45 -61 15 68 15 -68 87 31
87 -31 75 44 75 -44 57 56 57 -56
33 65 33 -65 5 69 5 -69 63 53
63 -53 49 60 49 -60 41 63 41 -63
11 69 11 -69 71 48 71 -48 21 68
21 -68 97 12 97 -12 89 30 89 -30
91 27 91 -27 79 42 79 -42 43 63
43 -63 99 1 99 -1 17 69 17 -69
85 36 85 -36 99 4 99 -4 99 5
99 -5 75 46 75 -46 97 15 97 -15
19 69 19 -69 95 21 95 -21 81 41
81 -41 99 8 99 -8 83 39 83 -39
53 60 53 -60 33 67 33 -67 3 71
3 -71 89 33 89 -33 99 13 99 -13
9 71 9 -71 69 52 69 -52 95 24
95 -24 99 14 99 -14 101 0 57 59
57 -59 71 51 71 -51 81 43 81 -43
85 39 85 -39 101 6 101 -6 51 62
51 -62 99 16 99 -16 67 54 67 -54
93 29 93 -29 33 68 33 -68 1 72
1 -72 75 49 75 -49 81 44 81 -44
87 38 87 -38 91 33 91 -33 39 67
39 -67 89 36 89 -36 27 70 27 -70
73 51 73 -51 99 20 99 -20 103 0
103 3 103 -3 101 15 101 -15 17 72
17 -72 3 73 3 -73 57 61 57 -61
65 57 65 -57 19 72 19 -72 9 73
9 -73 85 42 85 -42 103 9 103 -9
99 23 99 -23 97 27 97 -27 15 73
15 -73 33 70 33 -70 37 69 37 -69
57 62 57 -62 83 45 83 -45 81 47
81 -47 67 57 67 -57 25 72 25 -72
45 67 45 -67 105 1 105 -1 105 4
105 -4 103 15 103 -15 101 21 101 -21
49 66 49 -66 77 51 77 -51 73 54
73 -54 33 71 33 -71 15 74 15 -74
75 53 75 -53 1 75 1 -75 103 18
103 -18 45 68 45 -68 7 75 7 -75
39 70 39 -70 31 72 31 -72 101 24
101 -24 99 28 99 -28 21 74 21 -74
63 61 63 -61 79 51 79 -51 107 3
107 -3 99 29 99 -29 69 58 69 -58
103 21 103 -21 83 48 83 -48 51 67
51 -67 97 33 97 -33 35 72 35 -72
95 36 95 -36 9 76 9 -76 63 62
63 -62 27 74 27 -74 67 60 67 -60
57 65 57 -65 47 69 47 -69 15 76
15 -76 23 75 23 -75 87 46 87 -46
73 57 73 -57 85 48 85 -48 3 77
3 -77 109 0 75 56 75 -56 49 69
49 -69 9 77 9 -77 109 6 109 -6
81 52 81 -52 89 45 89 -45 87 47
87 -47 93 41 93 -41 33 74 33 -74
109 9 109 -9 41 72 41 -72 79 54
79 -54 107 18 107 -18 45 71 45 -71
99 34 99 -34 63 64 63 -64 65 63
65 -63 69 61 69 -61 31 75 31 -75
57 67 57 -67 71 60 71 -60 99 35
99 -35 27 76 27 -76 11 78 11 -78
111 1 111 -1 111 2 111 -2 93 43
93 -43 105 26 105 -26 101 33 101 -33
51 70 51 -70 103 30 103 -30 61 66
61 -66 97 39 97 -39 17 78 17 -78
39 74 39 -74 3 79 3 -79 57 68
57 -68 99 37 99 -37 55 69 55 -69
95 42 95 -42 87 50 87 -50 47 72
47 -72 107 24 107 -24 81 55 81 -55
37 75 37 -75 33 76 33 -76 111 13
111 -13 99 38 99 -38 23 78 23 -78
111 14 111 -14 83 54 83 -54 79 57
79 -57 109 21 109 -21 3 80 3 -80
113 6 113 -6 91 48 91 -48 111 17
111 -17 107 27 107 -27 21 79 21 -79
69 64 69 -64 71 63 71 -63 99 40
99 -40 59 69 59 -69 29 78 29 -78
109 24 109 -24 111 19 111 -19 57 70
57 -70 43 75 43 -75 111 20 111 -20
5 81 5 -81 99 41 99 -41 7 81
7 -81 53 72 53 -72 87 53 87 -53
63 68 63 -68 113 15 113 -15 21 80
21 -80 107 30 107 -30 51 73 51 -73
73 63 73 -63 13 81 13 -81 115 6
115 -6 75 62 75 -62 57 71 57 -71
105 34 105 -34 109 27 109 -27 17 81
17 -81 113 18 113 -18 79 60 79 -60
93 49 93 -49 3 82 3 -82 99 43
99 -43 115 12 115 -12 81 59 81 -59
37 78 37 -78 51 74 51 -74 45 76
45 -76 87 55 87 -55 107 33 107 -33
95 48 95 -48 93 50 93 -50 109 30
109 -30 117 1 117 -1 117 2 117 -2
117 4 117 -4 85 57 85 -57 101 42
101 -42 105 37 105 -37 87 56 87 -56
9 83 9 -83 115 18 115 -18 45 77
45 -77 57 73 57 -73 105 38 105 -38
113 24 113 -24 117 11 117 -11 29 81
29 -81 69 68 69 -68 67 69 67 -69
99 46 99 -46 63 71 63 -71 93 52
93 -52 117 14 117 -14 31 81 31 -81
115 21 115 -21 51 76 51 -76 27 82
27 -82 111 31 111 -31 81 62 81 -62
101 45 101 -45 13 84 13 -84 39 80
39 -80 119 9 119 -9 35 81 35 -81
111 32 111 -32 105 41 105 -41 17 84
17 -84 117 19 117 -19 89 57 89 -57
119 12 119 -12 117 20 117 -20 33 82
33 -82 69 70 69 -70 71 69 71 -69
65 72 65 -72 63 73 63 -73 111 34
111 -34 117 22 117 -22 115 27 115 -27
93 55 93 -55 121 6 121 -6 105 43
105 -43 59 75 59 -75 25 84 25 -84
117 23 117 -23 81 64 81 -64 111 35
111 -35 91 57 91 -57 83 63 83 -63
69 71 69 -71 73 69 73 -69 33 83
33 -83 21 85 21 -85 105 44 105 -44
109 39 109 -39 121 12 121 -12 117 25
117 -25 113 33 113 -33 39 82 39 -82
15 86 15 -86 31 84 31 -84 51 79
51 -79 121 15 121 -15 57 77 57 -77
89 60 89 -60 123 1 123 -1 123 2
123 -2 1 87 1 -87 123 4 123 -4
7 87 7 -87 55 78 55 -78 103 48
103 -48 123 7 123 -7 21 86 21 -86
97 54 97 -54 11 87 11 -87 121 18
121 -18 39 83 39 -83 13 87 13 -87
119 24 119 -24 123 10 123 -10 47 81
47 -81 113 36 113 -36 93 58 93 -58
51 80 51 -80 17 87 17 -87 105 47
105 -47 77 69 77 -69 123 13 123 -13
45 82 45 -82 3 88 3 -88 9 88
9 -88 83 66 83 -66 119 27 119 -27
123 16 123 -16 125 3 125 -3 59 78
59 -78 23 87 23 -87 111 41 111 -41
57 79 57 -79 117 32 117 -32 67 75
67 -75 87 64 87 -64 125 9 125 -9
45 83 45 -83 81 68 81 -68 115 36
115 -36 89 63 89 -63 33 86 33 -86
61 78 61 -78 97 57 97 -57 125 12
125 -12 9 89 9 -89 85 66 85 -66
39 85 39 -85 117 34 117 -34 101 54
101 -54 107 48 107 -48 15 89 15 -89
99 56 99 -56 93 61 93 -61 123 22
123 -22 127 0 117 35 117 -35 123 23
123 -23 111 44 111 -44 27 88 27 -88
7 90 7 -90 115 39 115 -39 125 18
125 -18 119 33 119 -33 81 70 81 -70
35 87 35 -87 13 90 13 -90 83 69
83 -69 127 12 127 -12 117 37 117 -37
105 52 105 -52 63 79 63 -79 123 26
123 -26 99 58 99 -58 87 67 87 -67
111 46 111 -46 19 90 19 -90 59 81
59 -81 69 77 69 -77 89 66 89 -66
129 2 129 -2 107 51 107 -51 67 78
67 -78 129 4 129 -4 129 5 129 -5
101 57 101 -57 23 90 23 -90 85 69
85 -69 99 59 99 -59 15 91 15 -91
123 29 123 -29 61 81 61 -81 129 11
129 -11 117 40 117 -40 53 84 53 -84
33 89 33 -89 3 92 3 -92 95 63
95 -63 129 13 129 -13 43 87 43 -87
91 66 91 -66 127 21 127 -21 57 83
57 -83 129 14 129 -14 29 90 29 -90
93 65 93 -65 103 57 103 -57 111 49
111 -49 55 84 55 -84 119 39 119 -39
71 78 71 -78 83 72 83 -72 27 91
27 -91 1 93 1 -93 111 50 111 -50
113 48 113 -48 117 43 117 -43 51 86
51 -86 101 60 101 -60 63 82 63 -82
11 93 11 -93 89 69 89 -69 131 12
131 -12 13 93 13 -93 75 77 75 -77
99 62 99 -62 79 75 79 -75 73 78
73 -78 49 87 49 -87 37 90 37 -90
123 35 123 -35 129 22 129 -22 93 67
93 -67 27 92 27 -92 19 93 19 -93
3 94 3 -94 121 39 121 -39 133 3
133 -3 109 54 109 -54 111 52 111 -52
95 66 95 -66 63 83 63 -83 133 6
133 -6 23 93 23 -93 133 9 133 -9
41 90 41 -90 129 25 129 -25 117 46
117 -46 25 93 25 -93 127 30 127 -30
111 53 111 -53 113 51 113 -51 133 12
133 -12 105 59 105 -59 57 86 57 -86
131 21 131 -21 43 90 43 -90 3 95
3 -95 51 88 51 -88 77 78 77 -78
97 66 97 -66 9 95 9 -95 121 42
121 -42 119 45 119 -45 125 36 125 -36
135 2 135 -2 99 65 99 -65 135 4
135 -4 89 72 89 -72 127 33 127 -33
131 24 131 -24 123 40 123 -40 135 8
135 -8 111 55 111 -55 109 57 109 -57
27 94 27 -94 115 51 115 -51 1 96
1 -96 51 89 51 -89 73 81 73 -81
5 96 5 -96 7 96 7 -96 87 74
87 -74 35 93 35 -93 69 83 69 -83
11 96 11 -96 45 91 45 -91 111 56
111 -56 135 14 135 -14 121 45 121 -45
105 62 105 -62 93 71 93 -71 137 3
137 -3 19 96 19 -96 135 17 135 -17
61 87 61 -87 9 97 9 -97 101 66
101 -66 135 19 135 -19 41 93 41 -93
123 44 123 -44 53 90 53 -90 77 81
77 -81 75 82 75 -82 109 60 109 -60
87 76 87 -76 33 95 33 -95 51 91
51 -91 69 85 69 -85 137 15 137 -15
121 48 121 -48 21 97 21 -97 113 57
113 -57 29 96 29 -96 9 98 9 -98
129 37 129 -37 107 63 107 -63 75 83
75 -83 137 18 137 -18 87 77 87 -77
15 98 15 -98 73 84 73 -84 63 88
63 -88 139 9 139 -9 133 30 133 -30
47 93 47 -93 91 75 91 -75 69 86
69 -86 39 95 39 -95 135 26 135 -26
1 99 1 -99 139 12 139 -12 59 90
59 -90 45 94 45 -94 49 93 49 -93
117 55 117 -55 131 36 131 -36 111 61
111 -61 97 72 97 -72 135 28 135 -28
37 96 37 -96 109 63 109 -63 129 40
129 -40 121 51 121 -51 133 33 133 -33
141 2 141 -2 17 99 17 -99 141 4
141 -4 27 98 27 -98 117 56 117 -56
19 99 19 -99 141 7 141 -7 119 54
119 -54 83 81 83 -81 87 79 87 -79
89 78 89 -78 53 93 53 -93 41 96
41 -96 141 11 141 -11 123 50 123 -50
135 31 135 -31 107 66 107 -66 57 92
57 -92 93 76 93 -76 141 13 141 -13
125 48 125 -48 69 88 69 -88 33 98
33 -98 55 93 55 -93 85 81 85 -81
79 84 79 -84 87 80 87 -80 141 16
141 -16 3 101 3 -101 21 100 21 -100
29 99 29 -99 9 101 9 -101 93 77
93 -77 143 6 143 -6 31 99 31 -99
109 66 109 -66 143 9 143 -9 15 101
15 -101 47 96 47 -96 141 20 141 -20
113 63 113 -63 133 39 133 -39 123 53
123 -53 99 74 99 -74 111 65 111 -65
1 102 1 -102 141 22 141 -22 7 102
7 -102 129 46 129 -46 63 92 63 -92
143 15 143 -15 57 94 57 -94 11 102
11 -102 141 23 141 -23 137 33 137 -33
135 37 135 -37 83 84 83 -84 81 85
81 -85 87 82 87 -82 61 93 61 -93
129 47 129 -47 77 87 77 -87 33 100
33 -100 105 71 105 -71 139 30 139 -30
121 57 121 -57 115 63 115 -63 19 102
19 -102 123 55 123 -55 145 9 145 -9
95 78 95 -78 131 45 131 -45 3 103
3 -103 41 99 41 -99 145 12 145 -12
69 91 69 -91 87 83 87 -83 117 62
117 -62 79 87 79 -87 123 56 123 -56
51 97 51 -97 25 102 25 -102 75 89
75 -89 113 66 113 -66 33 101 33 -101
139 33 139 -33 39 100 39 -100 65 93
65 -93 73 90 73 -90 141 29 141 -29
111 68 111 -68 97 78 97 -78 135 41
135 -41 143 24 143 -24 147 1 147 -1
147 2 147 -2 29 102 29 -102 145 18
145 -18 105 73 105 -73 9 104 9 -104
147 8 147 -8 133 45 133 -45 67 93
67 -93 141 31 141 -31 107 72 107 -72
121 60 121 -60 147 11 147 -11 103 75
103 -75 117 64 117 -64 141 32 141 -32
115 66 115 -66 127 54 127 -54 105 74
105 -74 49 99 49 -99 83 87 83 -87
1 105 1 -105 57 97 57 -97 21 104
21 -104 123 59 123 -59 125 57 125 -57
77 90 77 -90 95 81 95 -81 61 96
61 -96 11 105 11 -105 141 34 141 -34
149 0 129 53 129 -53 149 6 149 -6
99 79 99 -79 113 69 113 -69 33 103
33 -103 101 78 101 -78 147 20 147 -20
69 94 69 -94 79 90 79 -90 3 106
3 -106 145 27 145 -27 97 81 97 -81
123 61 123 -61 141 37 141 -37 135 47
135 -47 149 15 149 -15 129 55 129 -55
15 106 15 -106 107 75 107 -75 33 104
33 -104 39 103 39 -103 141 38 141 -38
103 78 103 -78 63 97 63 -97 151 0
69 95 69 -95 123 62 123 -62 147 25
147 -25 3 107 3 -107 67 96 67 -96
117 68 117 -68 147 26 147 -26 151 9
151 -9 131 54 131 -54 51 101 51 -101
31 105 31 -105 47 102 47 -102 135 49
135 -49 143 36 143 -36 87 88 87 -88
89 87 89 -87 141 40 141 -40 93 85
93 -85 109 75 109 -75 27 106 27 -106
145 33 145 -33 49 102 49 -102 77 93
77 -93 151 15 151 -15 147 29 147 -29
75 94 75 -94 123 64 123 -64 21 107
21 -107 129 58 129 -58 139 45 139 -45
153 2 153 -2 153 5 153 -5 71 96
71 -96 13 108 13 -108 147 31 147 -31
153 8 153 -8 79 93 79 -93 33 106
33 -106 125 63 125 -63 115 72 115 -72
129 59 129 -59 153 10 153 -10 27 107
27 -107 135 52 135 -52 19 108 19 -108
153 13 153 -13 141 44 141 -44 73 96
73 -96 153 14 153 -14 51 103 51 -103
65 99 65 -99 55 102 55 -102 23 108
23 -108 111 76 111 -76 43 105 43 -105
139 48 139 -48 137 51 137 -51 143 42
143 -42 39 106 39 -106 149 30 149 -30
113 75 113 -75 155 3 155 -3 109 78
109 -78 129 61 129 -61 67 99 67 -99
155 6 155 -6 123 67 123 -67 141 46
141 -46 89 90 89 -90 93 88 93 -88
29 108 29 -108 111 77 111 -77 21 109
21 -109 99 85 99 -85 9 110 9 -110
129 62 129 -62 125 66 125 -66 63 101
63 -101 149 33 149 -33 39 107 39 -107
75 97 75 -97 105 82 105 -82 91 90
91 -90 143 45 143 -45 97 87 97 -87
107 81 107 -81 99 86 99 -86 81 95
81 -95 157 0 153 25 153 -25 141 49
141 -49 7 111 7 -111 37 108 37 -108
11 111 11 -111 149 36 149 -36 147 40
147 -40 127 66 127 -66 33 109 33 -109
53 105 53 -105 133 60 133 -60 155 21
155 -21 45 107 45 -107 135 58 135 -58
147 41 147 -41 153 28 153 -28 151 33
151 -33 65 102 65 -102 143 48 143 -48
51 106 51 -106 3 112 3 -112 111 80
111 -80 125 69 125 -69 139 54 139 -54
69 101 69 -101 9 112 9 -112 23 111
23 -111 89 93 89 -93 149 39 149 -39
147 43 147 -43 83 96 83 -96 101 87
101 -87 159 8 159 -8 119 75 119 -75
153 32 153 -32 159 11 159 -11 47 108
47 -108 107 84 107 -84 93 92 93 -92
91 93 91 -93 63 104 63 -104 31 111
31 -111 97 90 97 -90 145 48 145 -48
99 89 99 -89 85 96 85 -96 135 61
135 -61 159 14 159 -14 103 87 103 -87
15 113 15 -113 61 105 61 -105 159 16
159 -16 157 24 157 -24 139 57 139 -57
147 46 147 -46 71 102 71 -102 35 111
35 -111 131 66 131 -66 129 68 129 -68
135 62 135 -62 141 55 141 -55 161 3
161 -3 137 60 137 -60 159 19 159 -19
5 114 5 -114 7 114 7 -114 161 9
161 -9 111 83 111 -83 157 27 157 -27
11 114 11 -114 141 56 141 -56 13 114
13 -114 117 79 117 -79 33 112 33 -112
155 33 155 -33 161 12 161 -12 145 51
145 -51 159 22 159 -22 149 45 149 -45
27 113 27 -113 153 38 153 -38 93 94
93 -94 159 23 159 -23 115 81 115 -81
161 15 161 -15 87 97 87 -97 69 104
69 -104 135 64 135 -64 157 30 157 -30
3 115 3 -115 117 80 117 -80 127 72
127 -72 105 88 105 -88 67 105 67 -105
81 100 81 -100 33 113 33 -113 159 26
159 -26 163 6 163 -6 123 76 123 -76
131 69 131 -69 93 95 93 -95 91 96
91 -96 129 71 129 -71 99 92 99 -92
163 9 163 -9 77 102 77 -102 87 98
87 -98 51 110 51 -110 29 114 29 -114
159 28 159 -28 113 84 113 -84 21 115
21 -115 3 116 3 -116 143 57 143 -57
31 114 31 -114 123 77 123 -77 9 116
9 -116 57 109 57 -109 147 52 147 -52
49 111 49 -111 39 113 39 -113 155 39
155 -39 161 24 161 -24 71 105 71 -105
153 43 153 -43 27 115 27 -115 133 69
133 -69 157 36 157 -36 139 63 139 -63
153 44 153 -44 119 81 119 -81 129 73
129 -73 159 32 159 -32 115 84 115 -84
37 114 37 -114 151 48 151 -48 7 117
7 -117 57 110 57 -110 95 96 95 -96
137 66 137 -66 131 72 131 -72 33 115
33 -115 123 79 123 -79 165 14 165 -14
41 114 41 -114 51 112 51 -112 157 39
157 -39 83 102 83 -102 165 16 165 -16
19 117 19 -117 121 81 121 -81 81 103
81 -103 125 78 125 -78 165 17 165 -17
111 88 111 -88 67 108 67 -108 153 47
153 -47 99 95 99 -95 91 99 91 -99
167 0 165 19 165 -19 105 92 105 -92
167 6 167 -6 33 116 33 -116 159 37
159 -37 163 27 163 -27 167 9 167 -9
133 72 133 -72 109 90 109 -90 75 106
75 -106 161 33 161 -33 59 111 59 -111
111 89 111 -89 47 114 47 -114 153 49
153 -49 29 117 29 -117 165 23 165 -23
21 118 21 -118 127 78 127 -78 135 71
135 -71 143 63 143 -63 49 114 49 -114
9 119 9 -119 153 50 153 -50 131 75
131 -75 39 116 39 -116 129 77 129 -77
161 36 161 -36 167 18 167 -18 15 119
15 -119 147 59 147 -59 169 3 169 -3
35 117 35 -117 99 97 99 -97 95 99
95 -99 159 41 159 -41 93 100 93 -100
73 108 73 -108 105 94 105 -94 169 9
169 -9 89 102 89 -102 121 84 121 -84
167 21 167 -21 165 28 165 -28 153 52
153 -52 139 69 139 -69 141 67 141 -67
65 111 65 -111 11 120 11 -120 69 110
69 -110 159 43 159 -43 99 98 99 -98
55 114 55 -114 153 53 153 -53 81 106
81 -106 41 117 41 -117 129 79 129 -79
141 68 141 -68 67 111 67 -111 137 72
137 -72 165 31 165 -31 159 44 159 -44
109 93 109 -93 87 104 87 -104 169 18
169 -18 171 1 171 -1 127 81 127 -81
147 62 147 -62 171 7 171 -7 167 27
167 -27 9 121 9 -121 75 109 75 -109
149 60 149 -60 33 119 33 -119 169 21
169 -21 59 114 59 -114 171 11 171 -11
117 89 117 -89 165 34 165 -34 79 108
79 -108 47 117 47 -117 163 39 163 -39
171 14 171 -14 29 120 29 -120 71 111
71 -111 21 121 21 -121 171 16 171 -16
31 120 31 -120 101 99 101 -99 171 17
171 -17 95 102 95 -102 157 51 157 -51
93 103 93 -103 45 118 45 -118 107 96
107 -96 123 86 123 -86 173 0 173 3
173 -3 27 121 27 -121 147 65 147 -65
129 82 129 -82 173 9 173 -9 163 42
163 -42 165 38 165 -38 153 58 153 -58
149 63 149 -63 57 116 57 -116 37 120
37 -120 53 117 53 -117 99 101 99 -101
103 99 103 -99 127 84 127 -84 1 123
1 -123 7 123 7 -123 109 96 109 -96
81 109 81 -109 45 119 45 -119 55 117
55 -117 13 123 13 -123 51 118 51 -118
87 107 87 -107 171 25 171 -25 27 122
27 -122 161 48 161 -48 141 73 141 -73
85 108 85 -108 173 18 173 -18 171 26
171 -26 175 3 175 -3 43 120 43 -120
159 52 159 -52 175 6 175 -6 135 79
135 -79 75 112 75 -112 125 87 125 -87
39 121 39 -121 171 28 171 -28 143 72
143 -72 121 90 121 -90 153 61 153 -61
59 117 59 -117 63 116 63 -116 167 39
167 -39 137 78 137 -78 123 89 123 -89
15 124 15 -124 99 103 99 -103 71 114
71 -114 107 99 107 -99 173 24 173 -24
129 85 129 -85 93 106 93 -106 161 51
161 -51 111 97 111 -97 157 57 157 -57
169 36 169 -36 163 48 163 -48 21 124
21 -124 31 123 31 -123 89 108 89 -108
3 125 3 -125 127 87 127 -87 45 121
45 -121 73 114 73 -114 177 2 177 -2
177 5 177 -5 173 27 173 -27 145 72
145 -72 27 124 27 -124 139 78 139 -78
151 66 151 -66 83 111 83 -111 93 107
93 -107 153 64 153 -64 37 123 37 -123
165 47 165 -47 81 112 81 -112 115 96
115 -96 177 13 177 -13 143 75 143 -75
177 14 177 -14 149 69 149 -69 173 30
173 -30 87 110 87 -110 163 51 163 -51
45 122 45 -122 63 118 63 -118 157 60
157 -60 153 65 153 -65 11 126 11 -126
51 121 51 -121 137 81 137 -81 177 17
177 -17 155 63 155 -63 135 83 135 -83
159 58 159 -58 165 49 165 -49 177 19
177 -19 123 92 123 -92 179 3 179 -3
175 27 175 -27 169 42 169 -42 81 113
81 -113 179 9 179 -9 79 114 79 -114
101 105 101 -105 107 102 107 -102 177 22
177 -22 131 87 131 -87 111 100 111 -100
151 69 151 -69 95 108 95 -108 141 79
141 -79 51 122 51 -122 113 99 113 -99
25 126 25 -126 163 54 163 -54 93 109
93 -109 171 40 171 -40 139 81 139 -81
47 123 47 -123 179 15 179 -15 167 48
167 -48 117 97 117 -97 57 121 57 -121
75 116 75 -116 147 74 147 -74 89 111
89 -111 149 72 149 -72 177 25 177 -25
157 63 157 -63 171 41 171 -41 69 118
69 -118 169 45 169 -45 165 52 165 -52
73 117 73 -117 31 126 31 -126 181 0
39 125 39 -125 181 3 181 -3 123 94
123 -94 175 33 175 -33 181 6 181 -6
165 53 165 -53 171 43 171 -43 159 62
159 -62 173 39 173 -39 27 127 27 -127
15 128 15 -128 181 12 181 -12 121 96
121 -96 69 119 69 -119 167 51 167 -51
87 113 87 -113 171 44 171 -44 147 76
147 -76 123 95 123 -95 129 91 129 -91
181 15 181 -15 67 120 67 -120 141 82
141 -82 7 129 7 -129 33 127 33 -127
51 124 51 -124 177 32 177 -32 11 129
11 -129 181 18 181 -18 127 93 127 -93
173 42 173 -42 183 4 183 -4 101 108
101 -108 155 69 155 -69 99 109 99 -109
129 92 129 -92 113 102 113 -102 183 7
183 -7 43 126 43 -126 183 8 183 -8
79 117 79 -117 177 34 177 -34 135 88
135 -88 167 54 167 -54 59 123 59 -123
163 60 163 -60 3 130 3 -130 23 129
23 -129 183 13 183 -13 51 125 51 -125
33 128 33 -128 133 90 133 -90 105 107
105 -107 109 105 109 -105 103 108 103 -108
47 126 47 -126 87 115 87 -115 115 102
115 -102 125 96 125 -96 29 129 29 -129
73 120 73 -120 145 81 145 -81 157 69
157 -69 183 19 183 -19 177 38 177 -38
159 67 159 -67 83 117 83 -117 91 114
91 -114 45 127 45 -127 185 6 185 -6
129 94 129 -94 123 98 123 -98 153 74
153 -74 149 78 149 -78 9 131 9 -131
183 22 183 -22 65 123 65 -123 57 125
57 -125 185 12 185 -12 173 48 173 -48
85 117 85 -117 171 52 171 -52 37 129
37 -129 165 61 165 -61 141 86 141 -86
63 124 63 -124 77 120 77 -120 183 25
183 -25 67 123 67 -123 21 131 21 -131
113 105 113 -105 183 26 183 -26 101 111
101 -111 1 132 1 -132 81 119 81 -119
7 132 7 -132 165 62 165 -62 181 33
181 -33 153 76 153 -76 41 129 41 -129
177 43 177 -43 27 131 27 -131 169 57
169 -57 159 70 159 -70 179 39 179 -39
167 60 167 -60 93 115 93 -115 185 21
185 -21 123 100 123 -100 135 92 135 -92
183 29 183 -29 177 44 177 -44 125 99
125 -99 103 111 103 -111 187 12 187 -12
153 77 153 -77 163 66 163 -66 171 55
171 -55 149 81 149 -81 99 113 99 -113
181 36 181 -36 159 71 159 -71 75 122
75 -122 97 114 97 -114 187 15 187 -15
121 102 121 -102 47 129 47 -129 57 127
57 -127 139 90 139 -90 123 101 123 -101
183 32 183 -32 179 42 179 -42 131 96
131 -96 15 133 15 -133 187 18 187 -18
189 2 189 -2 127 99 127 -99 177 47
177 -47 189 4 189 -4 189 5 189 -5
183 34 183 -34 181 39 181 -39 31 132
31 -132 187 21 187 -21 135 94 135 -94
157 75 157 -75 151 81 151 -81 189 11
189 -11 171 58 171 -58 65 126 65 -126
9 134 9 -134 69 125 69 -125 57 128
57 -128 137 93 137 -93 35 132 35 -132
111 109 111 -109 113 108 113 -108 27 133
27 -133 177 49 177 -49 15 134 15 -134
117 106 117 -106 77 123 77 -123 153 80
153 -80 37 132 37 -132 67 126 67 -126
99 115 99 -115 189 17 189 -17 55 129
55 -129 149 84 149 -84 21 134 21 -134
125 102 125 -102 1 135 1 -135 175 54
175 -54 33 133 33 -133 165 68 165 -68
191 0 93 118 93 -118 109 111 109 -111
41 132 41 -132 105 113 105 -113 11 135
11 -135 117 107 117 -107 191 9 191 -9
171 61 171 -61 121 105 121 -105 43 132
43 -132 99 116 99 -116 89 120 89 -120
17 135 17 -135 123 104 123 -104 189 23
189 -23 97 117 97 -117 71 126 71 -126
141 92 141 -92 159 76 159 -76 153 82
153 -82 39 133 39 -133 151 84 151 -84
51 131 51 -131 171 62 171 -62 191 15
191 -15 177 53 177 -53 23 135 23 -135
61 129 61 -129 69 127 69 -127 57 130
57 -130 47 132 47 -132 147 88 147 -88
175 57 175 -57 159 77 159 -77 161 75
161 -75 137 96 137 -96 15 136 15 -136
179 51 179 -51 169 66 169 -66 165 71
165 -71 81 124 81 -124 193 6 193 -6
87 122 87 -122 149 87 149 -87 183 44
183 -44 191 21 191 -21 181 48 181 -48
177 55 177 -55 111 112 111 -112 107 114
107 -114 85 123 85 -123 119 108 119 -108
65 129 65 -129 69 128 69 -128 193 12
193 -12 3 137 3 -137 187 36 187 -36
57 131 57 -131 101 117 101 -117 9 137
9 -137 191 24 191 -24 189 31 189 -31
99 118 99 -118 53 132 53 -132 171 65
171 -65 193 15 193 -15 143 93 143 -93
81 125 81 -125 117 110 117 -110 193 18
193 -18 183 47 183 -47 181 51 181 -51
103 117 103 -117 79 126 79 -126 187 39
187 -39 169 69 169 -69 5 138 5 -138
195 8 195 -8 165 74 165 -74 153 86
153 -86 171 67 171 -67 129 104 129 -104
191 30 191 -30 43 135 43 -135 87 124
87 -124 59 132 59 -132 137 99 137 -99
17 138 17 -138 75 128 75 -128 19 138
19 -138 189 37 189 -37 69 130 69 -130
61 132 61 -132 181 54 181 -54 195 17
195 -17 189 38 189 -38 73 129 73 -129
3 139 3 -139 141 97 141 -97 193 27
193 -27 25 138 25 -138 9 139 9 -139
159 82 159 -82 163 78 163 -78 195 19
195 -19 119 111 119 -111 197 0 185 48
185 -48 49 135 49 -135 15 139 15 -139
105 118 105 -118 123 109 123 -109 189 40
189 -40 139 99 139 -99 125 108 125 -108
197 9 197 -9 85 126 85 -126 195 22
195 -22 187 45 187 -45 171 70 171 -70
161 81 161 -81 141 98 141 -98 197 12
197 -12 183 53 183 -53 129 106 129 -106
167 75 167 -75 57 134 57 -134 155 87
155 -87 3 140 3 -140 115 114 115 -114
117 113 117 -113 111 116 111 -116 179 60
179 -60 153 89 153 -89 35 138 35 -138
171 71 171 -71 27 139 27 -139 103 120
103 -120 189 43 189 -43 135 103 135 -103
173 69 173 -69 149 93 149 -93 177 64
177 -64 45 137 45 -137 99 122 99 -122
199 0 199 3 199 -3 147 95 147 -95
97 123 97 -123 183 56 183 -56 41 138
41 -138 177 65 177 -65 87 127 87 -127
193 36 193 -36 135 104 135 -104 11 141
11 -141 27 140 27 -140 43 138 43 -138
189 46 189 -46 153 91 153 -91 179 63
179 -63 191 42 191 -42 151 93 151 -93
19 141 19 -141 139 102 139 -102 119 114
119 -114 39 139 39 -139 111 118 111 -118
73 132 73 -132 171 74 171 -74 57 136
57 -136 141 101 141 -101 33 140 33 -140
81 130 81 -130 25 141 25 -141 147 97
147 -97 201 4 201 -4 101 123 101 -123
199 21 199 -21 201 7 201 -7 85 129
85 -129 201 8 201 -8 191 45 191 -45
177 68 177 -68 197 30 197 -30 145 99
145 -99 135 106 135 -106 181 63 181 -63
201 13 201 -13 195 37 195 -37 127 111
127 -111 57 137 57 -137 187 54 187 -54
137 105 137 -105 129 110 129 -110 157 90
157 -90 103 123 103 -123 81 131 81 -131
53 138 53 -138 67 135 67 -135 63 136
63 -136 175 72 175 -72 167 81 167 -81
133 108 133 -108 99 125 99 -125 27 142
27 -142 153 94 153 -94 55 138 55 -138
37 141 37 -141 97 126 97 -126 183 62
183 -62 173 75 173 -75 201 20 201 -20
89 129 89 -129 203 3 203 -3 151 96
151 -96 51 139 51 -139 143 102 143 -102
203 6 203 -6 193 45 193 -45 195 41
195 -41 177 71 177 -71 41 141 41 -141
187 57 187 -57 71 135 71 -135 63 137
63 -137 141 104 141 -104 7 144 7 -144
119 117 119 -117 123 115 123 -115 11 144
11 -144 111 121 111 -121 147 100 147 -100
43 141 43 -141 125 114 125 -114 27 143
27 -143 13 144 13 -144 201 25 201 -25
203 15 203 -15 183 64 183 -64 129 112
129 -112 83 132 83 -132 17 144 17 -144
189 55 189 -55 105 124 105 -124 51 140
51 -140 61 138 61 -138 159 91 159 -91
39 142 39 -142 197 39 197 -39 195 44
195 -44 157 93 157 -93 101 126 101 -126
201 28 201 -28 165 86 165 -86 121 117
121 -117 205 3 205 -3 85 132 85 -132
201 29 201 -29 111 122 111 -122 9 145
9 -145 109 123 109 -123 187 60 187 -60
129 113 129 -113 205 9 205 -9 199 36
199 -36 159 92 159 -92 153 97 153 -97
195 46 195 -46 177 74 177 -74 181 69
181 -69 69 137 69 -137 95 129 95 -129
201 31 201 -31 133 111 133 -111 197 42
197 -42 77 135 77 -135 151 99 151 -99
179 72 179 -72 31 144 31 -144 195 47
195 -47 193 51 193 -51 155 96 155 -96
183 67 183 -67 81 134 81 -134 21 145
21 -145 143 105 143 -105 99 128 99 -128
53 141 53 -141 67 138 67 -138 63 139
63 -139 3 146 3 -146 199 39 199 -39
139 108 139 -108 203 27 203 -27 189 59
189 -59 171 82 171 -82 35 144 35 -144
183 68 183 -68 55 141 55 -141 175 78
175 -78 37 144 37 -144 197 45 197 -45
207 5 207 -5 45 143 45 -143 51 142
51 -142 185 66 185 -66 159 94 159 -94
119 120 119 -120 191 57 191 -57 125 117
125 -117 171 83 171 -83 207 10 207 -10
173 81 173 -81 165 89 165 -89 205 24
205 -24 107 126 107 -126 105 127 105 -127
179 75 179 -75 135 112 135 -112 43 144
43 -144 159 95 159 -95 69 139 69 -139
137 111 137 -111 207 17 207 -17 121 120
121 -120 123 119 123 -119 117 122 117 -122
87 134 87 -134 51 143 51 -143 57 142
57 -142 19 147 19 -147 151 102 151 -102
155 99 155 -99 109 126 109 -126 207 20
207 -20 199 45 199 -45 171 85 171 -85
33 146 33 -146 209 6 209 -6 143 108
143 -108 165 91 165 -91 105 128 105 -128
203 36 203 -36 163 93 163 -93 9 148
9 -148 103 129 103 -129 189 64 189 -64
69 140 69 -140 139 111 139 -111 209 12
209 -12 65 141 65 -141 77 138 77 -138
93 133 93 -133 173 84 173 -84 29 147
29 -147 167 90 167 -90 99 131 99 -131
177 80 177 -80 209 15 209 -15 189 65
189 -65 31 147 31 -147 207 26 207 -26
205 33 205 -33 21 148 21 -148 97 132
97 -132 75 139 75 -139 201 44 201 -44
53 144 53 -144 89 135 89 -135 207 28
207 -28 193 60 193 -60 9 149 9 -149
187 69 187 -69 55 144 55 -144 147 107
147 -107 207 29 207 -29 27 148 27 -148
209 21 209 -21 111 127 111 -127 37 147
37 -147 205 36 205 -36 201 46 201 -46
197 54 197 -54 51 145 51 -145 45 146
45 -146 211 9 211 -9 189 67 189 -67
171 88 171 -88 195 58 195 -58 207 31
207 -31 177 82 177 -82 211 12 211 -12
201 47 201 -47 21 149 21 -149 151 105
151 -105 63 143 63 -143 117 125 117 -125
59 144 59 -144 129 119 129 -119 211 15
211 -15 195 59 195 -59 171 89 171 -89
11 150 11 -150 27 149 27 -149 135 116
135 -116 209 27 209 -27 207 34 207 -34
99 133 99 -133 51 146 51 -146 203 45
203 -45 159 100 159 -100 17 150 17 -150
197 57 197 -57 39 148 39 -148 187 72
187 -72 19 150 19 -150 213 2 213 -2
211 21 211 -21 47 147 47 -147 199 54
199 -54 209 30 209 -30 33 149 33 -149
213 8 213 -8 161 99 161 -99 205 42
205 -42 213 10 213 -10 207 37 207 -37
93 136 93 -136 69 143 69 -143 145 111
145 -111 211 24 211 -24 77 141 77 -141
65 144 65 -144 213 13 213 -13 207 38
207 -38 175 87 175 -87 177 85 177 -85
203 48 203 -48 15 151 15 -151 45 148
45 -148 29 150 29 -150 75 142 75 -142
183 79 183 -79 211 27 211 -27 53 147
53 -147 207 40 207 -40 113 129 113 -129
135 118 135 -118 213 19 213 -19 199 57
199 -57 137 117 137 -117 179 84 179 -84
163 99 163 -99 93 137 93 -137 187 75
187 -75 209 36 209 -36 153 107 153 -107
213 22 213 -22 203 51 203 -51 143 114
143 -114 201 55 201 -55 117 128 117 -128
133 120 133 -120 159 103 159 -103 115 129
115 -129 75 143 75 -143 63 146 63 -146
213 25 213 -25 205 48 205 -48 111 131
111 -131 21 152 21 -152 41 150 41 -150
33 151 33 -151 209 39 209 -39 197 63
197 -63 87 140 87 -140 193 69 193 -69
69 145 69 -145 177 88 177 -88 1 153
1 -153 7 153 7 -153 81 142 81 -142
169 96 169 -96 145 114 145 -114 203 54
203 -54 213 29 213 -29 57 148 57 -148
103 135 103 -135 39 151 39 -151 201 58
201 -58 187 78 187 -78 147 113 147 -113
217 6 217 -6 217 9 217 -9 33 152
33 -152 99 137 99 -137 155 108 155 -108
201 59 201 -59 123 127 123 -127 213 32
213 -32 131 123 131 -123 3 154 3 -154
81 143 81 -143 167 99 167 -99 97 138
97 -138 135 121 135 -121 9 154 9 -154
197 66 197 -66 211 39 211 -39 137 120
137 -120 153 110 153 -110 15 154 15 -154
29 153 29 -153 213 34 213 -34 111 133
111 -133 79 144 79 -144 217 18 217 -18
63 148 63 -148 31 153 31 -153 53 150
53 -150 213 35 213 -35 201 61 201 -61
205 54 205 -54 127 126 127 -126 183 85
183 -85 133 123 133 -123 219 1 219 -1
219 2 219 -2 157 108 157 -108 105 136
105 -136 211 42 211 -42 115 132 115 -132
187 81 187 -81 139 120 139 -120 9 155
9 -155 169 99 169 -99 159 107 159 -107
37 153 37 -153 149 114 149 -114 71 147
71 -147 183 86 183 -86 219 13 219 -13
199 66 199 -66 185 84 185 -84 219 14
219 -14 63 149 63 -149 203 60 203 -60
171 98 171 -98 219 16 219 -16 59 150
59 -150 21 155 21 -155 153 112 153 -112
205 57 205 -57 219 17 219 -17 105 137
105 -137 211 45 211 -45 201 64 201 -64
81 145 81 -145 163 105 163 -105 191 78
191 -78 1 156 1 -156 213 41 213 -41
219 20 219 -20 27 155 27 -155 95 141
95 -141 51 152 51 -152 215 36 215 -36
165 104 165 -104 221 3 221 -3 209 51
209 -51 217 30 217 -30 125 129 125 -129
153 113 153 -113 39 154 39 -154 221 9
221 -9 119 132 119 -132 219 23 219 -23
19 156 19 -156 159 109 159 -109 175 96
175 -96 187 84 187 -84 207 56 207 -56
199 69 199 -69 33 155 33 -155 189 82
189 -82 97 141 97 -141 197 72 197 -72
81 146 81 -146 23 156 23 -156 219 25
219 -25 25 156 25 -156 3 157 3 -157
183 89 183 -89 179 93 179 -93 185 87
185 -87 169 102 169 -102 89 144 89 -144
129 128 129 -128 127 129 127 -129 193 78
193 -78 75 148 75 -148 123 131 123 -131
79 147 79 -147 159 110 159 -110 189 83
189 -83 15 157 15 -157 219 28 219 -28
173 99 173 -99 107 138 107 -138 93 143
93 -143 191 81 191 -81 53 153 53 -153
31 156 31 -156 105 139 105 -139 217 36
217 -36 165 106 165 -106 223 0 21 157
21 -157 223 3 223 -3 213 47 213 -47
223 6 223 -6 207 59 207 -59 55 153
55 -153 223 9 223 -9 203 66 203 -66
3 158 3 -158 167 105 167 -105 221 24
221 -24 51 154 51 -154 183 91 183 -91
165 107 165 -107 99 142 99 -142 217 39
217 -39 177 97 177 -97 15 158 15 -158
63 152 63 -152 175 99 175 -99 219 34
219 -34 207 61 207 -61 153 116 153 -116
73 150 73 -150 69 151 69 -151 223 18
223 -18 33 157 33 -157 219 35 219 -35
183 92 183 -92 129 130 129 -130 171 103
171 -103 95 144 95 -144 189 86 189 -86
61 153 61 -153 5 159 5 -159 191 84
191 -84 225 1 225 -1 51 155 51 -155
11 159 11 -159 143 123 143 -123 225 7
225 -7 225 8 225 -8 213 52 213 -52
215 48 215 -48 219 38 219 -38 113 138
113 -138 225 11 225 -11 171 104 171 -104
147 121 147 -121 19 159 19 -159 77 150
77 -150 69 152 69 -152 133 129 133 -129
135 128 135 -128 149 120 149 -120 65 153
65 -153 201 73 201 -73 141 125 141 -125
225 16 225 -16 187 90 187 -90 181 96
181 -96 225 17 225 -17 167 108 167 -108
79 150 79 -150 153 118 153 -118 145 123
145 -123 67 153 67 -153 177 100 177 -100
225 19 225 -19 193 84 193 -84 213 55
213 -55 215 51 215 -51 39 158 39 -158
195 82 195 -82 53 156 53 -156 111 140
111 -140 183 95 183 -95 189 89 189 -89
203 72 203 -72 225 22 225 -22 219 43
219 -43 101 144 101 -144 225 23 225 -23
227 9 227 -9 171 106 171 -106 211 60
211 -60 199 78 199 -78 35 159 35 -159
195 83 195 -83 227 12 227 -12 207 67
207 -67 71 153 71 -153 51 157 51 -157
223 33 223 -33 161 114 161 -114 27 160
27 -160 87 149 87 -149 225 26 225 -26
131 132 131 -132 157 117 157 -117 137 129
137 -129 215 54 215 -54 15 161 15 -161
103 144 103 -144 123 136 123 -136 73 153
73 -153 59 156 59 -156 81 151 81 -151
227 18 227 -18 143 126 143 -126 119 138
119 -138 201 77 201 -77 187 93 187 -93
33 160 33 -160 217 51 217 -51 165 112
165 -112 223 36 223 -36 147 124 147 -124
181 99 181 -99 221 42 221 -42 219 47
219 -47 193 87 193 -87 99 146 99 -146
229 0 93 148 93 -148 1 162 1 -162
51 158 51 -158 129 134 129 -134 163 114
163 -114 27 161 27 -161 127 135 127 -135
11 162 11 -162 97 147 97 -147 123 137
123 -137 225 32 225 -32 153 121 153 -121
183 98 183 -98 39 160 39 -160 77 153
77 -153 81 152 81 -152 195 86 195 -86
147 125 147 -125 201 79 201 -79 117 140
117 -140 225 34 225 -34 49 159 49 -159
171 109 171 -109 23 162 23 -162 93 149
93 -149 229 18 229 -18 25 162 25 -162
159 118 159 -118 3 163 3 -163 67 156
67 -156 87 151 87 -151 201 80 201 -80
211 66 211 -66 63 157 63 -157 91 150
91 -150 161 117 161 -117 229 21 229 -21
109 144 109 -144 203 78 203 -78 187 96
187 -96 231 5 231 -5 101 147 101 -147
171 110 171 -110 207 73 207 -73 181 102
181 -102 229 24 229 -24 99 148 99 -148
131 135 131 -135 137 132 137 -132 129 136
129 -136 105 146 105 -146 141 130 141 -130
231 13 231 -13 143 129 143 -129 87 152
87 -152 213 65 213 -65 201 82 201 -82
37 162 37 -162 167 114 167 -114 183 101
183 -101 63 158 63 -158 229 27 229 -27
119 141 119 -141 231 17 231 -17 225 41
225 -41 81 154 81 -154 73 156 73 -156
219 55 219 -55 209 72 209 -72 69 157
69 -157 231 19 231 -19 179 105 179 -105
227 36 227 -36 133 135 133 -135 215 63
215 -63 205 78 205 -78 127 138 127 -138
93 151 93 -151 225 43 225 -43 203 81
203 -81 213 67 213 -67 233 6 233 -6
111 145 111 -145 147 128 147 -128 207 76
207 -76 121 141 121 -141 97 150 97 -150
231 23 231 -23 51 161 51 -161 57 160
57 -160 225 44 225 -44 7 165 7 -165
27 164 27 -164 189 97 189 -97 193 93
193 -93 159 121 159 -121 233 12 233 -12
77 156 77 -156 213 68 213 -68 107 147
107 -147 221 54 221 -54 231 26 231 -26
161 120 161 -120 171 113 171 -113 65 159
65 -159 105 148 105 -148 201 85 201 -85
33 164 33 -164 157 123 157 -123 23 165
23 -165 87 154 87 -154 197 90 197 -90
159 122 159 -122 67 159 67 -159 227 42
227 -42 165 118 165 -118 205 81 205 -81
45 163 45 -163 233 21 233 -21 101 150
101 -150 135 136 135 -136 137 135 137 -135
235 3 235 -3 131 138 131 -138 141 133
141 -133 29 165 29 -165 39 164 39 -164
207 79 207 -79 15 166 15 -166 221 57
221 -57 31 165 31 -165 233 24 233 -24
123 142 123 -142 177 110 177 -110 165 119
165 -119 227 45 227 -45 71 159 71 -159
103 150 103 -150 87 155 87 -155 119 144
119 -144 153 127 153 -127 231 34 231 -34
193 96 193 -96 171 115 171 -115 195 94
195 -94 189 100 189 -100 135 137 135 -137
3 167 3 -167 141 134 141 -134 45 164
45 -164 37 165 37 -165 95 153 95 -153
209 78 209 -78 201 88 201 -88 85 156
85 -156 173 114 173 -114 147 131 147 -131
113 147 113 -147 15 167 15 -167 99 152
99 -152 221 60 221 -60 93 154 93 -154
231 37 231 -37 121 144 121 -144 189 101
189 -101 41 165 41 -165 237 1 237 -1
161 123 161 -123 61 162 61 -162 231 38
231 -38 237 7 237 -7 43 165 43 -165
237 10 237 -10 235 24 235 -24 51 164
51 -164 157 126 157 -126 177 112 177 -112
115 147 115 -147 233 33 233 -33 5 168
5 -168 81 158 81 -158 159 125 159 -125
11 168 11 -168 217 69 217 -69 39 166
39 -166 47 165 47 -165 237 16 237 -16
65 162 65 -162 227 51 227 -51 17 168
17 -168 237 17 237 -17 221 63 221 -63
19 168 19 -168 163 123 163 -123 195 97
195 -97 137 138 137 -138 141 136 141 -136
237 19 237 -19 225 56 225 -56 213 76
213 -76 131 141 131 -141 223 60 223 -60
201 91 201 -91 165 122 165 -122 57 164
57 -164 231 43 231 -43 25 168 25 -168
171 118 171 -118 125 144 125 -144 63 163
63 -163 239 0 3 169 3 -169 239 3
239 -3 205 87 205 -87 123 145 123 -145
239 6 239 -6 9 169 9 -169 197 96
197 -96 183 109 183 -109 53 165 53 -165
239 9 239 -9 201 92 201 -92 233 39
233 -39 15 169 15 -169 103 153 103 -153
217 72 217 -72 75 161 75 -161 71 162
71 -162 239 15 239 -15 225 59 225 -59
231 46 231 -46 127 144 127 -144 207 86
207 -86 151 132 151 -132 223 63 223 -63
183 110 183 -110 95 156 95 -156 51 166
51 -166 153 131 153 -131 237 28 237 -28
85 159 85 -159 209 84 209 -84 45 167
45 -167 3 170 3 -170 121 147 121 -147
9 170 9 -170 69 163 69 -163 111 151
111 -151 93 157 93 -157 165 124 165 -124
227 57 227 -57 219 71 219 -71 159 128
159 -128 193 102 193 -102 225 61 225 -61
201 94 201 -94 241 3 241 -3 41 168
41 -168 167 123 167 -123 241 6 241 -6
213 80 213 -80 61 165 61 -165 189 106
189 -106 33 169 33 -169 237 32 237 -32
241 9 241 -9 225 62 225 -62 163 126
163 -126 207 88 207 -88 221 69 221 -69
241 12 241 -12 51 167 51 -167 215 78
215 -78 81 161 81 -161 197 99 197 -99
77 162 77 -162 195 101 195 -101 223 66
223 -66 201 95 201 -95 237 34 237 -34
143 138 143 -138 239 27 239 -27 147 136
147 -136 11 171 11 -171 47 168 47 -168
109 153 109 -153 75 163 75 -163 17 171
17 -171 153 133 153 -133 33 170 33 -170
233 48 233 -48 237 37 237 -37 219 74
219 -74 239 30 239 -30 123 148 123 -148
241 21 241 -21 231 53 231 -53 171 122
171 -122 23 171 23 -171 243 1 243 -1
139 141 139 -141 25 171 25 -171 145 138
145 -138 135 143 135 -143 221 72 221 -72
201 97 201 -97 241 24 241 -24 195 103
195 -103 129 146 129 -146 103 156 103 -156
237 40 237 -40 83 162 83 -162 243 13
243 -13 15 172 15 -172 75 164 75 -164
179 117 179 -117 243 14 243 -14 31 171
31 -171 227 63 227 -63 55 168 55 -168
157 132 157 -132 219 76 219 -76 241 27
241 -27 243 16 243 -16 187 111 187 -111
197 102 197 -102 243 17 243 -17 177 119
177 -119 211 87 211 -87 81 163 81 -163
35 171 35 -171 51 169 51 -169 99 158
99 -158 63 167 63 -167 111 154 111 -154
243 19 243 -19 73 165 73 -165 191 108
191 -108 235 48 235 -48 189 110 189 -110
59 168 59 -168 97 159 97 -159 243 22
243 -22 237 44 237 -44 15 173 15 -173
231 58 231 -58 221 75 221 -75 243 23
243 -23 181 117 181 -117 213 86 213 -86
61 168 61 -168 141 142 141 -142 185 114
185 -114 147 139 147 -139 33 172 33 -172
241 33 241 -33 149 138 149 -138 43 171
43 -171 215 84 215 -84 81 164 81 -164
235 51 235 -51 219 79 219 -79 129 148
129 -148 205 96 205 -96 195 106 195 -106
207 94 207 -94 69 167 69 -167 7 174
7 -174 177 121 177 -121 243 28 243 -28
239 42 239 -42 159 133 159 -133 39 172
39 -172 75 166 75 -166 219 80 219 -80
101 159 101 -159 141 143 141 -143 139 144
139 -144 203 99 203 -99 197 105 197 -105
151 138 151 -138 207 95 207 -95 19 174
19 -174 195 107 195 -107 67 168 67 -168
105 158 105 -158 187 114 187 -114 99 160
99 -160 247 3 247 -3 129 149 129 -149
227 69 227 -69 235 54 235 -54 63 169
63 -169 157 135 157 -135 117 154 117 -154
127 150 127 -150 229 66 229 -66 237 50
237 -50 213 89 213 -89 225 73 225 -73
53 171 53 -171 247 12 247 -12 9 175
9 -175 83 165 83 -165 215 87 215 -87
39 173 39 -173 75 167 75 -167 219 82
219 -82 163 132 163 -132 113 156 113 -156
245 27 245 -27 55 171 55 -171 165 131
165 -131 231 64 231 -64 181 120 181 -120
185 117 185 -117 241 42 241 -42 205 99
205 -99 99 161 99 -161 199 105 199 -105
247 18 247 -18 207 97 207 -97 81 166
81 -166 173 126 173 -126 235 57 235 -57
239 48 239 -48 211 93 211 -93 169 129
169 -129 3 176 3 -176 27 175 27 -175
137 147 137 -147 249 1 249 -1 107 159
107 -159 203 102 203 -102 207 98 207 -98
177 124 177 -124 249 7 249 -7 249 8
249 -8 241 45 241 -45 197 108 197 -108
189 115 189 -115 249 10 249 -10 237 55
237 -55 41 174 41 -174 159 136 159 -136
213 92 213 -92 179 123 179 -123 239 51
239 -51 187 117 187 -117 43 174 43 -174
57 172 57 -172 51 173 51 -173 247 27
247 -27 191 114 191 -114 225 77 225 -77
145 144 145 -144 147 143 147 -143 139 147
139 -147 151 141 151 -141 165 133 165 -133
245 36 245 -36 135 149 135 -149 189 116
189 -116 1 177 1 -177 5 177 5 -177
249 19 249 -19 91 165 91 -165 219 86
219 -86 47 174 47 -174 249 20 249 -20
159 137 159 -137 13 177 13 -177 223 81
223 -81 201 106 201 -106 237 58 237 -58
243 44 243 -44 199 108 199 -108 99 163
99 -163 249 22 249 -22 67 171 67 -171
117 157 117 -157 249 23 249 -23 245 39
245 -39 251 6 251 -6 103 162 103 -162
195 112 195 -112 237 59 237 -59 123 155
123 -155 173 129 173 -129 193 114 193 -114
243 46 243 -46 201 107 201 -107 121 156
121 -156 113 159 113 -159 83 168 83 -168
87 167 87 -167 249 26 249 -26 53 174
53 -174 3 178 3 -178 169 132 169 -132
213 95 213 -95 231 71 231 -71 243 47
243 -47 39 176 39 -176
