1 1 2 0 2 1 1 2 3 1
1 3 3 2 2 3 5 0 5 1
1 5 4 3 3 4 6 1 1 6
5 4 4 5 7 2 2 7 8 1
1 8 7 3 3 7 8 3 3 8
9 2 2 9 7 5 5 7 11 0
7 6 6 7 10 3 3 10 9 5
5 9 12 1 1 12 11 3 3 11
11 4 4 11 9 7 7 9 13 2
2 13 14 1 1 14 11 6 6 11
12 5 5 12 15 1 1 15 10 9
9 10 12 7 7 12 13 6 6 13
17 0 17 1 1 17 16 3 3 16
11 10 10 11 13 8 8 13 17 3
3 17 13 9 9 13 17 4 4 17
15 7 7 15 12 11 11 12 15 8
8 15 20 1 1 20 13 11 11 13
18 5 5 18 17 7 7 17 21 1
1 21 21 2 2 21 18 7 7 18
17 9 9 17 23 0 21 4 4 21
14 13 13 14 21 5 5 21 19 8
8 19 24 1 1 24 23 3 3 23
19 9 9 19 22 5 5 22 15 14
14 15 18 11 11 18 20 9 9 20
21 8 8 21 19 11 11 19 25 3
3 25 18 13 13 18 19 12 12 19
23 7 7 23 21 10 10 21 27 1
1 27 17 15 15 17 27 2 2 27
25 6 6 25 19 14 14 19 20 13
13 20 29 0 27 4 4 27 23 10
10 23 28 3 3 28 21 13 13 21
26 7 7 26 18 17 17 18 29 3
3 29 27 7 7 27 26 9 9 26
23 13 13 23 27 8 8 27 25 11
11 25 21 16 16 21 22 15 15 22
29 6 6 29 31 3 3 31 25 12
12 25 21 17 17 21 29 7 7 29
28 9 9 28 33 1 1 33 32 3
3 32 23 16 16 23 25 14 14 25
21 19 19 21 28 11 11 28 29 10
10 29 33 4 4 33 27 13 13 27
33 5 5 33 26 15 15 26 32 7
7 32 27 14 14 27 31 9 9 31
23 19 19 23 35 4 4 35 25 18
18 25 31 11 11 31 28 15 15 28
37 2 2 37 23 21 21 23 30 13
13 30 35 6 6 35 38 1 1 38
37 3 3 37 26 19 19 26 34 9
9 34 28 17 17 28 38 3 3 38
37 5 5 37 36 7 7 36 32 13
13 32 35 9 9 35 37 6 6 37
24 23 23 24 26 21 21 26 27 20
20 27 41 0 39 4 4 39 30 17
17 30 41 1 1 41 39 5 5 39
33 14 14 33 29 19 19 29 38 7
7 38 31 17 17 31 37 9 9 37
35 12 12 35 25 24 24 25 30 19
19 30 41 4 4 41 38 9 9 38
33 16 16 33 27 23 23 27 36 13
13 36 26 25 25 26 43 3 3 43
32 19 19 32 42 5 5 42 39 10
10 39 41 7 7 41 27 25 25 27
31 21 21 31 37 14 14 37 43 5
5 43 29 24 24 29 41 9 9 41
32 21 21 32 43 6 6 43 40 11
11 40 35 18 18 35 31 23 23 31
47 0 45 4 4 45 38 15 15 38
35 19 19 35 28 27 27 28 31 24
24 31 37 17 17 37 44 7 7 44
34 21 21 34 36 19 19 36 42 11
11 42 46 5 5 46 33 23 23 33
41 13 13 41 45 7 7 45 29 28
28 29 34 23 23 34 39 17 17 39
49 2 2 49 41 15 15 41 33 25
25 33 50 1 1 50 49 3 3 49
41 16 16 41 32 27 27 32 43 14
14 43 50 3 3 50 49 5 5 49
44 13 13 44 38 21 21 38 48 7
7 48 51 2 2 51 47 9 9 47
43 15 15 43 49 6 6 49 37 23
23 37 42 17 17 42 31 30 30 31
33 28 28 33 34 27 27 34 53 0
37 24 24 37 45 14 14 45 49 8
8 49 33 29 29 33 47 12 12 47
48 11 11 48 54 1 1 54 45 16
16 45 38 25 25 38 53 4 4 53
40 23 23 40 49 11 11 49 41 22
22 41 45 17 17 45 43 20 20 43
39 25 25 39 53 6 6 53 33 32
32 33 36 29 29 36 46 17 17 46
47 16 16 47 53 7 7 53 52 9
9 52 42 23 23 42 35 31 31 35
44 21 21 44 57 1 1 57 56 3
3 56 50 13 13 50 41 25 25 41
54 7 7 54 49 15 15 49 36 31
31 36 55 6 6 55 51 13 13 51
43 24 24 43 47 19 19 47 35 33
33 35 59 0 45 22 22 45 51 14
14 51 41 27 27 41 55 8 8 55
59 1 1 59 58 3 3 58 57 5
5 57 35 34 34 35 38 31 31 38
49 18 18 49 41 28 28 41 54 11
11 54 47 21 21 47 43 26 26 43
51 16 16 51 39 31 31 39 57 7
7 57 52 15 15 52 47 22 22 47
59 4 4 59 43 27 27 43 57 8
8 57 39 32 32 39 42 29 29 42
61 2 2 61 44 27 27 44 52 17
17 52 37 35 35 37 62 1 1 62
57 10 10 57 51 19 19 51 59 7
7 59 58 9 9 58 39 34 34 39
51 20 20 51 42 31 31 42 61 5
5 61 49 23 23 49 59 9 9 59
63 2 2 63 39 35 35 39 48 25
25 48 49 24 24 49 57 13 13 57
53 19 19 53 56 15 15 56 38 37
37 38 41 34 34 41 57 14 14 57
44 31 31 44 61 8 8 61 64 3
3 64 62 7 7 62 55 18 18 55
43 33 33 43 53 21 21 53 66 1
1 66 64 5 5 64 39 38 38 39
62 9 9 62 57 17 17 57 61 11
11 61 47 30 30 47 60 13 13 60
56 19 19 56 41 37 37 41 59 15
15 59 61 12 12 61 51 26 26 51
55 21 21 55 58 17 17 58 65 6
6 65 53 24 24 53 49 29 29 49
46 33 33 46 65 7 7 65 53 25
25 53 63 11 11 63 57 20 20 57
41 39 39 41 51 28 28 51 69 1
1 69 61 15 15 61 69 2 2 69
60 17 17 60 44 37 37 44 46 35
35 46 63 13 13 63 53 27 27 53
57 22 22 57 49 32 32 49 62 15
15 62 50 31 31 50 58 21 21 58
71 0 45 37 37 45 53 28 28 53
60 19 19 60 49 33 33 49 71 1
1 71 70 3 3 70 42 41 41 42
45 38 38 45 47 36 36 47 48 35
35 48 58 23 23 58 63 16 16 63
64 15 15 64 54 29 29 54 67 11
11 67 57 26 26 57 53 31 31 53
43 42 42 43 46 39 39 46 67 12
12 67 61 21 21 61 48 37 37 48
73 2 2 73 71 6 6 71 65 16
16 65 63 19 19 63 73 3 3 73
47 39 39 47 72 5 5 72 59 25
25 59 67 14 14 67 69 11 11 69
53 33 33 53 61 23 23 61 58 27
27 58 46 41 41 46 47 40 40 47
75 1 1 75 72 7 7 72 57 29
29 57 52 35 35 52 75 2 2 75
70 11 11 70 65 19 19 65 69 13
13 69 63 22 22 63 71 10 10 71
51 37 37 51 68 15 15 68 64 21
21 64 69 14 14 69 48 41 41 48
77 1 1 77 71 12 12 71 74 7
7 74 73 9 9 73 56 33 33 56
47 43 43 47 49 41 41 49 69 16
16 69 71 13 13 71 59 30 30 59
78 1 1 78 75 7 7 75 46 45
45 46 48 43 43 48 67 20 20 67
62 27 27 62 59 31 31 59 68 19
19 68 55 36 36 55 67 21 21 67
57 34 34 57 65 24 24 65 58 33
33 58 51 41 41 51 70 17 17 70
53 39 39 53 60 31 31 60 77 6
6 77 61 30 30 61 57 35 35 57
80 1 1 80 53 40 40 53 73 14
14 73 64 27 27 64 75 11 11 75
56 37 37 56 74 13 13 74 58 35
35 58 63 29 29 63 79 5 5 79
67 24 24 67 78 7 7 78 55 39
39 55 77 9 9 77 65 27 27 65
76 11 11 76 69 22 22 69 51 44
44 51 64 29 29 64 61 33 33 61
65 28 28 65 56 39 39 56 75 14
14 75 63 31 31 63 83 0 67 26
26 67 68 25 25 68 55 41 41 55
73 18 18 73 81 5 5 81 77 12
12 77 67 27 27 67 70 23 23 70
49 48 48 49 52 45 45 52 57 40
40 57 82 5 5 82 81 7 7 81
51 47 47 51 61 36 36 61 53 45
45 53 83 4 4 83 74 19 19 74
64 33 33 64 77 15 15 77 71 24
24 71 79 12 12 79 50 49 49 50
72 23 23 72 56 43 43 56 75 19
19 75 77 16 16 77 65 33 33 65
69 28 28 69 85 3 3 85 62 37
37 62 73 23 23 73 57 43 43 57
64 35 35 64 81 11 11 81 65 34
34 65 69 29 29 69 61 39 39 61
77 18 18 77 63 37 37 63 56 45
45 56 71 27 27 71 78 17 17 78
83 9 9 83 59 42 42 59 60 41
41 60 77 19 19 77 75 22 22 75
67 33 33 67 59 43 43 59 79 17
17 79 75 23 23 75 89 0 78 19
19 78 87 4 4 87 74 25 25 74
54 49 49 54 69 32 32 69 89 1
1 89 88 3 3 88 76 23 23 76
67 35 35 67 63 40 40 63 84 11
11 84 59 45 45 59 66 37 37 66
82 15 15 82 90 1 1 90 88 5
5 88 79 20 20 79 63 41 41 63
69 34 34 69 53 52 52 53 73 29
29 73 89 4 4 89 59 46 46 59
84 13 13 84 87 8 8 87 77 24
24 77 72 31 31 72 85 12 12 85
73 30 30 73 55 51 51 55 57 49
49 57 81 19 19 81 91 2 2 91
80 21 21 80 63 43 43 63 87 10
10 87 91 3 3 91 81 20 20 81
57 50 50 57 67 39 39 67 60 47
47 60 75 29 29 75 87 11 11 87
63 44 44 63 73 32 32 73 83 18
18 83 79 24 24 79 65 42 42 65
74 31 31 74 77 27 27 77 91 5
5 91 90 7 7 90 89 9 9 89
76 29 29 76 93 2 2 93 91 6
6 91 82 21 21 82 71 36 36 71
58 51 51 58 72 35 35 72 60 49
49 60 79 26 26 79 64 45 45 64
74 33 33 74 84 19 19 84 66 43
43 66 75 32 32 75 67 42 42 67
59 51 51 59 79 27 27 79 73 35
35 73 94 3 3 94 89 12 12 89
70 39 39 70 92 7 7 92 91 9
9 91 78 29 29 78 83 22 22 83
56 55 55 56 77 31 31 77 62 49
49 62 95 3 3 95 87 17 17 87
81 26 26 81 93 7 7 93 86 19
19 86 68 43 43 68 91 11 11 91
95 4 4 95 61 51 51 61 90 13
13 90 78 31 31 78 79 30 30 79
73 38 38 73 89 16 16 89 81 28
28 81 63 50 50 63 95 6 6 95
86 21 21 86 65 48 48 65 76 35
35 76 93 10 10 93 73 39 39 73
96 5 5 96 69 44 44 69 95 7
7 95 75 37 37 75 84 25 25 84
71 42 42 71 65 49 49 65 72 41
41 72 92 13 13 92 83 27 27 83
91 15 15 91 74 39 39 74 99 1
1 99 98 3 3 98 61 54 54 61
63 52 52 63 87 22 22 87 89 19
19 89 67 48 48 67 78 35 35 78
92 15 15 92 59 57 57 59 87 23
23 87 85 26 26 85 65 51 51 65
73 42 42 73 81 32 32 81 101 0
91 18 18 91 59 58 58 59 61 56
56 61 101 1 1 101 99 5 5 99
84 29 29 84 68 49 49 68 87 25
25 87 70 47 47 70 95 13 13 95
77 39 39 77 63 55 55 63 73 44
44 73 91 20 20 91 101 3 3 101
85 29 29 85 98 9 9 98 97 11
11 97 62 57 57 62 73 45 45 73
65 54 54 65 99 8 8 99 66 53
53 66 79 38 38 79 69 50 50 69
94 17 17 94 80 37 37 80 71 48
48 71 89 25 25 89 87 28 28 87
74 45 45 74 92 21 21 92 75 44
44 75 83 34 34 83 99 10 10 99
91 23 23 91 93 20 20 93 102 5
5 102 101 7 7 101 63 58 58 63
64 57 57 64 98 13 13 98 95 18
18 95 70 51 51 70 81 38 38 81
72 49 49 72 85 33 33 85 105 1
1 105 103 5 5 103 79 41 41 79
83 36 36 83 89 28 28 89 105 2
2 105 94 21 21 94 99 13 13 99
78 43 43 78 98 15 15 98 101 10
10 101 93 23 23 93 83 37 37 83
64 59 59 64 99 14 14 99 71 52
52 71 82 39 39 82 107 0 91 27
27 91 89 30 30 89 103 8 8 103
74 49 49 74 94 23 23 94 90 29
29 90 77 46 46 77 104 7 7 104
103 9 9 103 92 27 27 92 80 43
43 80 75 49 49 75 63 62 62 63
66 59 59 66 93 26 26 93 107 3
3 107 79 45 45 79 98 19 19 98
104 9 9 104 87 35 35 87 103 11
11 103 97 21 21 97 67 59 59 67
101 15 15 101 96 23 23 96 78 47
47 78 71 55 55 71 73 53 53 73
93 28 28 93 99 19 19 99 88 35
35 88 101 16 16 101 64 63 63 64
67 60 60 67 87 37 37 87 79 47
47 79 110 1 1 110 96 25 25 96
76 51 51 76 92 31 31 92 65 63
63 65 105 11 11 105 101 18 18 101
91 33 33 91 103 15 15 103 85 41
41 85 75 53 53 75 89 36 36 89
111 1 1 111 109 5 5 109 77 51
51 77 67 62 62 67 70 59 59 70
84 43 43 84 100 21 21 100 111 2
2 111 73 56 56 73 81 47 47 81
89 37 37 89 92 33 33 92 104 15
15 104 76 53 53 76 107 10 10 107
77 52 52 77 88 39 39 88 102 19
19 102 80 49 49 80 73 57 57 73
97 27 27 97 101 21 21 101 113 0
111 4 4 111 90 37 37 90 83 46
46 83 100 23 23 100 96 29 29 96
91 36 36 91 112 3 3 112 101 22
22 101 110 7 7 110 93 34 34 93
108 11 11 108 98 27 27 98 77 54
54 77 107 13 13 107 88 41 41 88
97 29 29 97 71 61 61 71 105 17
17 105 111 7 7 111 87 43 43 87
110 9 9 110 83 48 48 83 91 38
38 91 97 30 30 97 95 33 33 95
67 66 66 67 86 45 45 86 72 61
61 72 73 60 60 73 106 17 17 106
75 58 58 75 105 19 19 105 78 55
55 78 95 34 34 95 107 16 16 107
104 21 21 104 81 52 52 81 99 29
29 99 97 32 32 97 77 57 57 77
114 5 5 114 89 43 43 89 93 38
38 93 112 9 9 112 68 67 67 68
71 64 64 71 87 46 46 87 91 41
41 91 74 61 61 74 83 51 51 83
88 45 45 88 77 58 58 77 108 17
17 108 117 1 1 117 99 31 31 99
69 67 67 69 82 53 53 82 106 21
21 106 75 61 61 75 111 13 13 111
103 26 26 103 113 10 10 113 86 49
49 86 97 35 35 97 111 14 14 111
71 66 66 71 74 63 63 74 93 41
41 93 77 60 60 77 117 4 4 117
97 36 36 97 91 44 44 91 95 39
39 95 119 1 1 119 101 31 31 101
99 34 34 99 115 9 9 115 77 61
61 77 100 33 33 100 91 45 45 91
113 13 13 113 87 50 50 87 105 26
26 105 103 29 29 103 112 15 15 112
109 20 20 109 83 55 55 83 73 66
66 73 76 63 63 76 110 19 19 110
117 7 7 117 78 61 61 78 107 24
24 107 92 45 45 92 119 4 4 119
89 49 49 89 97 39 39 97 85 54
54 85 112 17 17 112 91 47 47 91
95 42 42 95 87 52 52 87 81 59
59 81 106 27 27 106 110 21 21 110
83 57 57 83 121 2 2 121 74 67
67 74 103 32 32 103 98 39 39 98
79 62 62 79 121 3 3 121 115 14
14 115 89 51 51 89 109 24 24 109
94 45 45 94 85 56 56 85 75 67
67 75 79 63 63 79 96 43 43 96
102 35 35 102 88 53 53 88 105 31
31 105 122 3 3 122 121 5 5 121
113 19 19 113 120 7 7 120 101 37
37 101 119 9 9 119 85 57 57 85
91 50 50 91 75 68 68 75 99 40
40 99 92 49 49 92 109 26 26 109
81 62 62 81 103 35 35 103 119 10
10 119 84 59 59 84 95 46 46 95
99 41 41 99 107 30 30 107 113 21
21 113 79 65 65 79 93 49 49 93
115 18 18 115 89 54 54 89 112 23
23 112 101 39 39 101 98 43 43 98
90 53 53 90 107 31 31 107 119 12
12 119 113 22 22 113 122 7 7 122
117 16 16 117 106 33 33 106 82 63
63 82 119 13 13 119 95 48 48 95
84 61 61 84 99 43 43 99 91 53
53 91 118 15 15 118 96 47 47 96
108 31 31 108 75 71 71 75 104 37
37 104 113 24 24 113 122 9 9 122
107 33 33 107 83 63 63 83 91 54
54 91 125 4 4 125 87 59 59 87
93 52 52 93 94 51 51 94 80 67
67 80 102 41 41 102 117 19 19 117
116 21 21 116 85 62 62 85 86 61
61 86 97 48 48 97 111 29 29 111
125 6 6 125 88 59 59 88 89 58
58 89 79 69 69 79 81 67 67 81
127 3 3 127 115 24 24 115 109 33
33 109 124 9 9 124 123 11 11 123
112 29 29 112 75 74 74 75 77 72
72 77 81 68 68 81 103 42 42 103
120 17 17 120 84 65 65 84 117 22
22 117 97 50 50 97 125 9 9 125
118 21 21 118 77 73 73 77 129 2
2 129 109 35 35 109 127 6 6 127
101 46 46 101 116 25 25 116 121 17
17 121 93 56 56 93 105 41 41 105
108 37 37 108 120 19 19 120 123 14
14 123 99 49 49 99 103 44 44 103
78 73 73 78 104 43 43 104 131 0
118 23 23 118 85 66 66 85 98 51
51 98 127 8 8 127 117 25 25 117
88 63 63 88 131 1 1 131 130 3
3 130 116 27 27 116 91 60 60 91
97 53 53 97 83 69 69 83 126 11
11 126 105 43 43 105 115 29 29 115
125 13 13 125 111 35 35 111 94 57
57 94 87 65 65 87 109 38 38 109
114 31 31 114 89 63 63 89 123 17
17 123 110 37 37 110 101 49 49 101
80 73 73 80 105 44 44 105 83 70
70 83 121 21 21 121 103 47 47 103
126 13 13 126 107 42 42 107 89 64
64 89 129 8 8 129 117 28 28 117
119 25 25 119 79 75 75 79 123 19
19 123 118 27 27 118 85 69 69 85
94 59 59 94 125 16 16 125 110 39
39 110 117 29 29 117 115 32 32 115
133 2 2 133 105 46 46 105 97 56
56 97 123 20 20 123 116 31 31 116
93 61 61 93 83 72 72 83 84 71
71 84 133 3 3 133 121 24 24 121
131 7 7 131 113 36 36 113 105 47
47 105 129 11 11 129 125 18 18 125
114 35 35 114 128 13 13 128 109 42
42 109 92 63 63 92 79 77 77 79
107 45 45 107 85 71 71 85 126 17
17 126 104 49 49 104 134 3 3 134
133 5 5 133 132 7 7 132 106 47
47 106 112 39 39 112 98 57 57 98
130 11 11 130 117 32 32 117 99 56
56 99 81 76 76 81 84 73 73 84
133 6 6 133 95 61 61 95 111 41
41 111 114 37 37 114 121 27 27 121
115 36 36 115 110 43 43 110 125 21
21 125 124 23 23 124 137 0 87 71
71 87 96 61 61 96 125 22 22 125
136 3 3 136 93 65 65 93 83 76
76 83 95 63 63 95 117 35 35 117
89 70 70 89 127 20 20 127 120 31
31 120 103 54 54 103 111 44 44 111
138 1 1 138 101 57 57 101 109 47
47 109 135 7 7 135 115 39 39 115
127 21 21 127 87 73 73 87 97 62
62 97 133 11 11 133 132 13 13 132
137 4 4 137 100 59 59 100 117 37
37 117 109 48 48 109 101 58 58 101
133 12 12 133 81 80 80 81 83 78
78 83 86 75 75 86 113 43 43 113
87 74 74 87 97 63 63 97 116 39
39 116 107 51 51 107 90 71 71 90
111 46 46 111 93 68 68 93 139 2
2 139 112 45 45 112 96 65 65 96
83 79 79 83 85 77 77 85 107 52
52 107 127 24 24 127 138 5 5 138
137 7 7 137 136 9 9 136 124 29
29 124 115 42 42 115 131 18 18 131
101 60 60 101 134 13 13 134 110 49
49 110 82 81 81 82 129 22 22 129
104 57 57 104 131 19 19 131 141 1
1 141 140 3 3 140 118 39 39 118
130 21 21 130 123 32 32 123 121 35
35 121 127 26 26 127 136 11 11 136
107 54 54 107 135 13 13 135 111 49
49 111 83 81 81 83 99 64 64 99
100 63 63 100 127 27 27 127 119 39
39 119 95 69 69 95 102 61 61 102
131 21 21 131 107 55 55 107 103 60
60 103 133 18 18 133 86 79 79 86
118 41 41 118 105 58 58 105 92 73
73 92 119 40 40 119 101 63 63 101
94 71 71 94 114 47 47 114 143 1
1 143 142 3 3 142 141 5 5 141
135 16 16 135 113 49 49 113 137 13
13 137 91 75 75 91 126 31 31 126
133 20 20 133 117 44 44 117 135 17
17 135 112 51 51 112 143 3 3 143
142 5 5 142 87 80 80 87 89 78
78 89 90 77 77 90 114 49 49 114
120 41 41 120 111 53 53 111 107 58
58 107 125 34 34 125 131 25 25 131
103 63 63 103 109 56 56 109 130 27
27 130 99 68 68 99 122 39 39 122
85 83 83 85 117 46 46 117 89 79
79 89 134 21 21 134 123 38 38 123
133 23 23 133 121 41 41 121 128 31
31 128 145 2 2 145 105 62 62 105
141 10 10 141 117 47 47 117 88 81
81 88 144 5 5 144 121 42 42 121
93 76 76 93 143 7 7 143 108 59
59 108 142 9 9 142 103 65 65 103
137 18 18 137 97 72 72 97 140 13
13 140 129 31 31 129 131 28 28 131
123 40 40 123 100 69 69 100 111 56
56 111 102 67 67 102 93 77 77 93
119 46 46 119 147 1 1 147 113 54
54 113 127 35 35 127 143 9 9 143
105 64 64 105 135 23 23 135 99 71
71 99 88 83 83 88 89 82 82 89
91 80 80 91 131 30 30 131 127 36
36 127 94 77 77 94 138 19 19 138
117 50 50 117 141 14 14 141 97 74
74 97 132 29 29 132 121 45 45 121
111 58 58 111 115 53 53 115 139 18
18 139 136 23 23 136 107 63 63 107
101 70 70 101 87 85 85 87 149 0
104 67 67 104 130 33 33 130 114 55
55 114 134 27 27 134 147 5 5 147
129 35 35 129 144 11 11 144 87 86
86 87 89 84 84 89 109 62 62 109
139 20 20 139 110 61 61 110 118 51
51 118 105 67 67 105 141 17 17 141
131 33 33 131 140 19 19 140 125 42
42 125 150 1 1 150 148 5 5 148
117 53 53 117 109 63 63 109 145 11
11 145 144 13 13 144 129 37 37 129
97 77 77 97 116 55 55 116 141 19
19 141 103 71 71 103 143 16 16 143
94 81 81 94 127 41 41 127 115 57
57 115 96 79 79 96 119 52 52 119
97 78 78 97 134 31 31 134 149 6
6 149 126 43 43 126 133 33 33 133
131 36 36 131 137 27 27 137 114 59
59 114 103 72 72 103 127 42 42 127
145 14 14 145 132 35 35 132 149 7
7 149 106 69 69 106 135 31 31 135
109 66 66 109 144 17 17 144 89 88
88 89 92 85 85 92 95 82 82 95
123 49 49 123 153 1 1 153 151 5
5 151 107 69 69 107 150 7 7 150
149 9 9 149 100 77 77 100 114 61
61 114 132 37 37 132 147 13 13 147
153 2 2 153 151 6 6 151 111 65
65 111 91 87 87 91 133 36 36 133
97 81 81 97 144 19 19 144 113 63
63 113 127 45 45 127 138 29 29 138
143 21 21 143 118 57 57 118 130 41
41 130 109 68 68 109 125 48 48 125
135 34 34 135 137 31 31 137 131 40
40 131 126 47 47 126 105 73 73 105
93 86 86 93 112 65 65 112 95 84
84 95 121 54 54 121 113 64 64 113
98 81 81 98 140 27 27 140 99 80
80 99 149 12 12 149 125 49 49 125
128 45 45 128 155 1 1 155 141 26
26 141 123 52 52 123 111 67 67 111
107 72 72 107 108 71 71 108 137 33
33 137 139 30 30 139 101 79 79 101
115 63 63 115 103 77 77 103 136 35
35 136 155 3 3 155 132 41 41 132
117 61 61 117 91 90 90 91 114 65
65 114 129 46 46 129 153 8 8 153
148 17 17 148 116 63 63 116 147 19
19 147 105 76 76 105 139 32 32 139
135 38 38 135 149 16 16 149 93 89
89 93 95 87 87 95 108 73 73 108
145 23 23 145 99 83 83 99 123 55
55 123 101 81 81 101 157 2 2 157
127 50 50 127 112 69 69 112 128 49
49 128 122 57 57 122 151 14 14 151
92 91 91 92 97 86 86 97 123 56
56 123 115 66 66 115 154 9 9 154
100 83 83 100 130 47 47 130 143 28
28 143 111 71 71 111 121 59 59 121
131 46 46 131 140 33 33 140 136 39
39 136 150 17 17 150 107 76 76 107
139 35 35 139 109 74 74 109 158 3
3 158 148 21 21 148 145 26 26 145
112 71 71 112 105 79 79 105 113 70
70 113 159 2 2 159 152 15 15 152
139 36 36 139 137 39 39 137 143 30
30 143 151 17 17 151 124 57 57 124
116 67 67 116 101 84 84 101 153 14
14 153 102 83 83 102 149 21 21 149
104 81 81 104 118 65 65 118 137 40
40 137 123 59 59 123 119 64 64 119
127 54 54 127 159 4 4 159 142 33
33 142 95 91 91 95 157 8 8 157
131 49 49 131 125 57 57 125 117 67
67 117 155 12 12 155 141 35 35 141
129 52 52 129 161 1 1 161 147 26
26 147 153 16 16 153 158 7 7 158
144 31 31 144 109 77 77 109 155 13
13 155 94 93 93 94 154 15 15 154
139 39 39 139 132 49 49 132 103 84
84 103 113 73 73 113 119 66 66 119
162 1 1 162 115 71 71 115 108 79
79 108 128 55 55 128 150 23 23 150
157 11 11 157 122 63 63 122 101 87
87 101 136 45 45 136 114 73 73 114
141 38 38 141 139 41 41 139 147 29
29 147 121 65 65 121 152 21 21 152
100 89 89 100 101 88 88 101 133 50
50 133 103 86 86 103 104 85 85 104
143 36 36 143 107 82 82 107 149 27
27 149 137 45 45 137 110 79 79 110
157 14 14 157 164 1 1 164 163 3
3 163 133 51 51 133 99 91 91 99
127 59 59 127 143 37 37 143 147 31
31 147 115 74 74 115 135 49 49 135
116 73 73 116 153 22 22 153 109 81
81 109 156 17 17 156 126 61 61 126
147 32 32 147 96 95 95 96 98 93
93 98 164 3 3 164 163 5 5 163
162 7 7 162 153 23 23 153 160 11
11 160 129 58 58 129 152 25 25 152
145 36 36 145 163 6 6 163 161 10
10 161 101 91 91 101 150 29 29 150
103 89 89 103 129 59 59 129 138 47
47 138 121 69 69 121 147 34 34 147
141 43 43 141 157 18 18 157 109 83
83 109 117 74 74 117 127 62 62 127
137 49 49 137 167 0 165 4 4 165
155 22 22 155 99 94 94 99 120 71
71 120 102 91 91 102 161 12 12 161
106 87 87 106 130 59 59 130 167 1
1 167 108 85 85 108 159 16 16 159
146 37 37 146 127 63 63 127 150 31
31 150 131 58 58 131 161 13 13 161
145 39 39 145 143 42 42 143 115 78
78 115 139 48 48 139 148 35 35 148
134 55 55 134 157 21 21 157 168 1
1 168 166 5 5 166 165 7 7 165
143 43 43 143 153 28 28 153 136 53
53 136 121 72 72 121 103 92 92 103
167 4 4 167 142 45 45 142 106 89
89 106 137 52 52 137 154 27 27 154
131 60 60 131 117 77 77 117 151 32
32 151 159 19 19 159 163 12 12 163
153 29 29 153 119 75 75 119 158 21
21 158 112 83 83 112 161 16 16 161
113 82 82 113 139 50 50 139 157 23
23 157 126 67 67 126 99 97 97 99
103 93 93 103 134 57 57 134 127 66
66 127 145 42 42 145 143 45 45 143
135 56 56 135 167 6 6 167 109 87
87 109 133 59 59 133 154 29 29 154
130 63 63 130 169 3 3 169 115 81
81 115 166 9 9 166 104 93 93 104
138 53 53 138 117 79 79 117 107 90
90 107 141 49 49 141 152 33 33 152
124 71 71 124 129 65 65 129 133 60
60 133 162 17 17 162 151 35 35 151
114 83 83 114 131 63 63 131 127 68
68 127 160 21 21 160 123 73 73 123
146 43 43 146 167 9 9 167 119 78
78 119 120 77 77 120 164 15 15 164
171 2 2 171 113 85 85 113 169 6
6 169 163 17 17 163 131 64 64 131
135 59 59 135 162 19 19 162 149 40
40 149 119 79 79 119 111 88 88 111
134 61 61 134 126 71 71 126 159 25
25 159 141 52 52 141 173 0 161 22
22 161 158 27 27 158 151 38 38 151
153 35 35 153 147 44 44 147 159 26
26 159 152 37 37 152 173 1 1 173
172 3 3 172 156 31 31 156 170 7
7 170 113 87 87 113 135 61 61 135
127 71 71 127 151 39 39 151 149 42
42 149 139 56 56 139 123 76 76 123
157 30 30 157 166 15 15 166 103 98
98 103 104 97 97 104 165 17 17 165
134 63 63 134 110 91 91 110 126 73
73 126 131 67 67 131 172 5 5 172
139 57 57 139 159 28 28 159 123 77
77 123 152 39 39 152 133 65 65 133
168 13 13 168 130 69 69 130 173 4
4 173 119 82 82 119 160 27 27 160
141 55 55 141 157 32 32 157 111 91
91 111 147 47 47 147 132 67 67 132
122 79 79 122 164 21 21 164 167 16
16 167 140 57 57 140 129 71 71 129
124 77 77 124 117 85 85 117 146 49
49 146 149 45 45 149 107 96 96 107
108 95 95 108 136 63 63 136 113 90
90 113 171 10 10 171 114 89 89 114
148 47 47 148 160 29 29 160 169 14
14 169 117 86 86 117 176 1 1 176
175 3 3 175 144 53 53 144 138 61
61 138 173 7 7 173 167 18 18 167
131 70 70 131 107 97 97 107 120 83
83 120 158 33 33 158 169 15 15 169
122 81 81 122 113 91 91 113 133 68
68 133 129 73 73 129 159 32 32 159
156 37 37 156 152 43 43 152 176 3
3 176 106 99 99 106 174 7 7 174
173 9 9 173 121 83 83 121 133 69
69 133 149 48 48 149 129 74 74 129
177 2 2 177 163 27 27 163 169 17
17 169 117 88 88 117 125 79 79 125
145 54 54 145 143 57 57 143 161 31
31 161 111 95 95 111 147 52 52 147
134 69 69 134 124 81 81 124 135 68
68 135 179 0 157 38 38 157 153 44
44 153 119 87 87 119 175 8 8 175
127 78 78 127 106 101 101 106 133 71
71 133 165 26 26 165 141 61 61 141
171 16 16 171 150 49 49 150 176 7
7 176 155 42 42 155 161 33 33 161
169 20 20 169 151 48 48 151 163 30
30 163 146 55 55 146 119 88 88 119
149 51 51 149 156 41 41 156 121 86
86 121 141 62 62 141 122 85 85 122
170 19 19 170 111 97 97 111 129 77
77 129 159 37 37 159 153 46 46 153
115 93 93 115 179 3 3 179 131 75
75 131 158 39 39 158 149 52 52 149
174 13 13 174 144 59 59 144 147 55
55 147 173 15 15 173 138 67 67 138
172 17 17 172 111 98 98 111 113 96
96 113 130 77 77 130 175 12 12 175
146 57 57 146 170 21 21 170 117 92
92 117 164 31 31 164 119 90 90 119
137 69 69 137 161 36 36 161 163 33
33 163 168 25 25 168 129 79 79 129
109 101 101 109 179 6 6 179 125 84
84 125 177 10 10 177 166 29 29 166
126 83 83 126 161 37 37 161 133 75
75 133 165 31 31 165 121 89 89 121
179 7 7 179 167 28 28 167 106 105
105 106 109 102 102 109 135 73 73 135
143 63 63 143 152 51 51 152 140 67
67 140 171 22 22 171 157 44 44 157
165 32 32 165 118 93 93 118 173 19
19 173 148 57 57 148 120 91 91 120
151 53 53 151 142 65 65 142 172 21
21 172 182 3 3 182 171 23 23 171
161 39 39 161 157 45 45 157 131 79
79 131 113 99 99 113 155 48 48 155
126 85 85 126 117 95 95 117 151 54
54 151 175 17 17 175 179 10 10 179
168 29 29 168 161 40 40 161 159 43
43 159 123 89 89 123 109 104 104 109
110 103 103 110 112 101 101 112 166 33
33 166 145 63 63 145 171 25 25 171
133 78 78 133 118 95 95 118 154 51
51 154 119 94 94 119 159 44 44 159
139 71 71 139 135 76 76 135 122 91
91 122 181 8 8 181 147 61 61 147
169 29 29 169 153 53 53 153 109 105
105 109 125 88 88 125 156 49 49 156
183 5 5 183 181 9 9 181 146 63
63 146 180 11 11 180 139 72 72 139
143 67 67 143 179 13 13 179 121 93
93 121 135 77 77 135 166 35 35 166
123 91 91 123 141 70 70 141 154 53
53 154 161 43 43 161 133 80 80 133
127 87 87 127 117 98 98 117 174 23
23 174 183 7 7 183 182 9 9 182
153 55 55 153 136 77 77 136 165 38
38 165 159 47 47 159 185 4 4 185
133 81 81 133 177 19 19 177 162 43
43 162 139 74 74 139 128 87 87 128
158 49 49 158 140 73 73 140 131 84
84 131 169 33 33 169 174 25 25 174
157 51 51 157 125 91 91 125 155 54
54 155 109 108 108 109 111 106 106 111
127 89 89 127 175 24 24 175 118 99
99 118 183 10 10 183 167 37 37 167
120 97 97 120 151 60 60 151 181 14
14 181 145 68 68 145 131 85 85 131
123 94 94 123 188 1 1 188 185 7
7 185 184 9 9 184 133 83 83 133
165 41 41 165 163 44 44 163 159 50
50 159 164 43 43 164 179 19 19 179
168 37 37 168 123 95 95 123 175 26
26 175 178 21 21 178 132 85 85 132
125 93 93 125 189 1 1 189 167 39
39 167 112 107 107 112 113 106 106 113
151 62 62 151 116 103 103 116 183 13
13 183 119 100 100 119 162 47 47 162
136 81 81 136 152 61 61 152 155 57
57 155 146 69 69 146 138 79 79 138
143 73 73 143 147 68 68 147 179 21
21 179 127 92 92 127 178 23 23 178
128 91 91 128 135 83 83 135 181 18
18 181 141 76 76 141 131 88 88 131
171 35 35 171 176 27 27 176 123 97
97 123 191 0 189 4 4 189 133 86
86 133 187 8 8 187 175 29 29 175
170 37 37 170 134 85 85 134 162 49
49 162 177 26 26 177 113 108 108 113
114 107 107 114 189 5 5 189 163 48
48 163 188 7 7 188 120 101 101 120
153 62 62 153 181 20 20 181 123 98
98 123 168 41 41 168 157 57 57 157
126 95 95 126 148 69 69 148 140 79
79 140 179 24 24 179 167 43 43 167
165 46 46 165 182 19 19 182 129 92
92 129 115 107 107 115 161 52 52 161
181 21 21 181 156 59 59 156 150 67
67 150 192 1 1 192 147 71 71 147
188 9 9 188 151 66 66 151 125 97
97 125 169 41 41 169 165 47 47 165
155 61 61 155 149 69 69 149 184 17
17 184 115 108 108 115 159 56 56 159
118 105 105 118 187 12 12 187 131 91
91 131 120 103 103 120 169 42 42 169
185 16 16 185 133 89 89 133 163 51
51 163 175 33 33 175 140 81 81 140
126 97 97 126 127 96 96 127 183 20
20 183 141 80 80 141 166 47 47 166
156 61 61 156 153 65 65 153 174 35
35 174 113 111 111 113 117 107 107 117
191 6 6 191 151 68 68 151 173 37
37 173 132 91 91 132 139 83 83 139
187 14 14 187 172 39 39 172 194 1
1 194 164 51 51 164 185 18 18 185
136 87 87 136 154 65 65 154 188 13
13 188 147 74 74 147 143 79 79 143
131 93 93 131 119 106 106 119 186 17
17 186 139 84 84 139 174 37 37 174
149 72 72 149 145 77 77 145 153 67
67 153 141 82 82 141 173 39 39 173
193 5 5 193 191 9 9 191 163 54
54 163 182 25 25 182 172 41 41 172
168 47 47 168 121 105 105 121 181 27
27 181 134 91 91 134 173 40 40 173
180 29 29 180 147 76 76 147 137 88
88 137 143 81 81 143 155 66 66 155
148 75 75 148 116 111 111 116 139 86
86 139 119 108 108 119 133 93 93 133
169 47 47 169 123 104 104 123 177 35
35 177 182 27 27 182 135 91 91 135
126 101 101 126 197 0 195 4 4 195
163 56 56 163 142 83 83 142 181 29
29 181 191 12 12 191 183 26 26 183
131 96 96 131 173 42 42 173 175 39
39 175 169 48 48 169 153 70 70 153
194 7 7 194 157 65 65 157 192 11
11 192 154 69 69 154 191 13 13 191
178 35 35 178 127 101 101 127 166 53
53 166 161 60 60 161 137 90 90 137
173 43 43 173 148 77 77 148 185 24
24 185 149 76 76 149 153 71 71 153
118 111 111 118 157 66 66 157 121 108
108 121 183 28 28 183 197 3 3 197
195 7 7 195 151 74 74 151 177 38
38 177 169 50 50 169 129 100 100 129
174 43 43 174 190 17 17 190 170 49
49 170 163 59 59 163 117 113 113 117
146 81 81 146 193 12 12 193 182 31
31 182 188 21 21 188 147 80 80 147
187 23 23 187 143 85 85 143 159 65
65 159 162 61 61 162 172 47 47 172
138 91 91 138 189 20 20 189 168 53
53 168 150 77 77 150 177 40 40 177
158 67 67 158 122 109 109 122 142 87
87 142 124 107 107 124 167 55 55 167
125 106 106 125 183 31 31 183 152 75
75 152 127 104 104 127 128 103 103 128
185 28 28 185 149 79 79 149 130 101
101 130 197 7 7 197 141 89 89 141
151 77 77 151 147 82 82 147 159 67
67 159 180 37 37 180 143 87 87 143
191 19 19 191 137 94 94 137 187 26
26 187 163 62 62 163 190 21 21 190
179 39 39 179 150 79 79 150 189 23
23 189 200 3 3 200 158 69 69 158
198 7 7 198 196 11 11 196 147 83
83 147 123 110 110 123 194 15 15 194
179 40 40 179 153 76 76 153 193 17
17 193 128 105 105 128 183 34 34 183
197 10 10 197 139 93 93 139 161 66
66 161 131 102 102 131 191 21 21 191
167 58 58 167 141 91 91 141 165 61
61 165 184 33 33 184 134 99 99 134
193 18 18 193 148 83 83 148 171 53
53 171 125 109 109 125 149 82 82 149
188 27 27 188 169 56 56 169 138 95
95 138 174 49 49 174 201 4 4 201
182 37 37 182 187 29 29 187 199 8
8 199 131 103 103 131 140 93 93 140
151 80 80 151 165 62 62 165 181 39
39 181 163 65 65 163 203 1 1 203
169 57 57 169 137 97 97 137 187 30
30 187 126 109 109 126 184 35 35 184
197 13 13 197 151 81 81 151 159 71
71 159 168 59 59 168 191 24 24 191
147 86 86 147 133 102 102 133 178 45
45 178 153 79 79 153 136 99 99 136
192 23 23 192 145 89 89 145 181 41
41 181 183 38 38 183 129 107 107 129
199 11 11 199 131 105 105 131 198 13
13 198 171 56 56 171 190 27 27 190
166 63 63 166 169 59 59 169 142 93
93 142 189 29 29 189 135 101 101 135
201 8 8 201 122 115 115 122 124 113
113 124 125 112 112 125 185 36 36 185
173 54 54 173 168 61 61 168 151 83
83 151 131 106 106 131 174 53 53 174
186 35 35 186 133 104 104 133 148 87
87 148 164 67 67 164 167 63 63 167
179 46 46 179 143 93 93 143 177 49
49 177 183 40 40 183 136 101 101 136
190 29 29 190 193 24 24 193 203 6
6 203 121 117 117 121 123 115 115 123
166 65 65 166 163 69 69 163 140 97
97 140 206 1 1 206 205 3 3 205
157 77 77 157 161 72 72 161 202 9
9 202 175 53 53 175 143 94 94 143
154 81 81 154 162 71 71 162 189 32
32 189 145 92 92 145 120 119 119 120
123 116 116 123 198 17 17 198 156 79
79 156 179 48 48 179 193 26 26 193
185 39 39 185 141 97 97 141 157 78
78 157 161 73 73 161 134 105 105 134
206 3 3 206 204 7 7 204 203 9
9 203 145 93 93 145 169 63 63 169
193 27 27 193 121 119 119 121 183 43
43 183 177 52 52 177 140 99 99 140
205 6 6 205 131 109 109 131 162 73
73 162 201 14 14 201 144 95 95 144
146 93 93 146 124 117 117 124 170 63
63 170 126 115 115 126 147 92 92 147
157 80 80 157 197 22 22 197 129 112
112 129 130 111 111 130 188 37 37 188
149 90 90 149 133 108 108 133 181 48
48 181 185 42 42 185 192 31 31 192
187 39 39 187 203 12 12 203 136 105
105 136 138 103 103 138 209 1 1 209
161 76 76 161 205 9 9 205 153 86
86 153 168 67 67 168 129 113 113 129
203 13 13 203 185 43 43 185 149 91
91 149 179 52 52 179 202 15 15 202
169 66 66 169 177 55 55 177 155 84
84 155 135 107 107 135 191 34 34 191
137 105 105 137 173 61 61 173 199 21
21 199 176 57 57 176 147 94 94 147
195 28 28 195 171 64 64 171 124 119
119 124 206 9 9 206 166 71 71 166
172 63 63 172 193 32 32 193 151 90
90 151 136 107 107 136 209 4 4 209
161 78 78 161 187 42 42 187 153 88
88 153 179 54 54 179 200 21 21 200
162 77 77 162 154 87 87 154 129 115
115 129 133 111 111 133 173 63 63 173
192 35 35 192 145 98 98 145 185 46
46 185 146 97 97 146 157 84 84 157
191 37 37 191 199 24 24 199 177 58
58 177 209 6 6 209 169 69 69 169
182 51 51 182 141 103 103 141 129 116
116 129 160 81 81 160 194 33 33 194
183 50 50 183 145 99 99 145 207 11
11 207 138 107 107 138 195 32 32 195
201 22 22 201 175 62 62 175 192 37
37 192 154 89 89 154 141 104 104 141
127 119 119 127 203 19 19 203 176 61
61 176 143 102 102 143 144 101 101 144
161 81 81 161 165 76 76 165 201 23
23 201 212 3 3 212 153 91 91 153
166 75 75 166 178 59 59 178 208 11
11 208 185 49 49 185 189 43 43 189
206 15 15 206 124 123 123 124 126 121
121 126 168 73 73 168 211 6 6 211
184 51 51 184 204 19 19 204 207 14
14 207 153 92 92 153 202 23 23 202
159 85 85 159 193 38 38 193 201 25
25 201 164 79 79 164 142 105 105 142
156 89 89 156 177 62 62 177 129 119
119 129 151 95 95 151 194 37 37 194
145 102 102 145 213 4 4 213 185 51
51 185 211 8 8 211 158 87 87 158
147 100 100 147 181 57 57 181 159 86
86 159 179 60 60 179 197 33 33 197
155 91 91 155 215 1 1 215 214 3
3 214 199 30 30 199 212 7 7 212
143 105 105 143 127 122 122 127 185 52
52 185 209 13 13 209 133 116 116 133
134 115 115 134 136 113 113 136 170 73
73 170 197 34 34 197 179 61 61 179
154 93 93 154 194 39 39 194 182 57
57 182 205 21 21 205 142 107 107 142
187 50 50 187 161 85 85 161 169 75
75 169 178 63 63 178 212 9 9 212
188 49 49 188 199 32 32 199 159 88
88 159 209 15 15 209 177 65 65 177
193 42 42 193 213 8 8 213 207 19
19 207 175 68 68 175 200 31 31 200
181 60 60 181 126 125 125 126 205 23
23 205 179 63 63 179 132 119 119 132
163 84 84 163 159 89 89 159 207 20
20 207 138 113 113 138 203 27 27 203
155 94 94 155 141 110 110 141 161 87
87 161 205 24 24 205 217 2 2 217
188 51 51 188 166 81 81 166 173 72
72 173 196 39 39 196 213 10 10 213
158 91 91 158 127 125 125 127 131 121
121 131 153 97 97 153 195 41 41 195
147 104 104 147 168 79 79 168 218 1
1 218 215 7 7 215 199 35 35 199
139 113 113 139 165 83 83 165 201 32
32 201 212 13 13 212 176 69 69 176
211 15 15 211 143 109 109 143 182 61
61 182 167 81 81 167 133 120 120 133
208 21 21 208 135 118 118 135 175 71
71 175 172 75 75 172 155 96 96 155
149 103 103 149 139 114 114 139 218 3
3 218 184 59 59 184 142 111 111 142
195 43 43 195 214 11 11 214 144 109
109 144 171 77 77 171 211 17 17 211
175 72 72 175 203 31 31 203 169 80
80 169 137 117 117 137 179 67 67 179
195 44 44 195 170 79 79 170 157 95
95 157 177 70 70 177 207 25 25 207
201 35 35 201 192 49 49 192 183 62
62 183 164 87 87 164 181 65 65 181
172 77 77 172 131 124 124 131 147 107
107 147 133 122 122 133 193 48 48 193
191 51 51 191 197 42 42 197 137 118
118 137 149 105 105 149 199 39 39 199
217 8 8 217 207 26 26 207 167 84
84 167 171 79 79 171 198 41 41 198
143 112 112 143 213 16 16 213 168 83
83 168 220 3 3 220 219 5 5 219
191 52 52 191 217 9 9 217 155 99
99 155 133 123 123 133 135 121 121 135
201 37 37 201 196 45 45 196 213 17
17 213 183 64 64 183 212 19 19 212
163 90 90 163 178 71 71 178 152 103
103 152 211 21 21 211 159 95 95 159
184 63 63 184 207 28 28 207 210 23
23 210 169 83 83 169 209 25 25 209
129 128 128 129 132 125 125 132 217 11
11 217 174 77 77 174 138 119 119 138
216 13 13 216 157 98 98 157 186 61
61 186 140 117 117 140 151 105 105 151
191 54 54 191 221 4 4 221 143 114
114 143 206 31 31 206 187 60 60 187
176 75 75 176 182 67 67 182 165 89
89 165 146 111 111 146 161 94 94 161
215 16 16 215 131 127 127 131 133 125
125 133 149 108 108 149 157 99 99 157
150 107 107 150 139 119 119 139 189 58
58 189 209 27 27 209 172 81 81 172
164 91 91 164 143 115 115 143 194 51
51 194 180 71 71 180 207 31 31 207
174 79 79 174 193 53 53 193 130 129
129 130 167 88 88 167 135 124 124 135
175 78 78 175 163 93 93 163 138 121
121 138 220 9 9 220 207 32 32 207
173 81 81 173 218 13 13 218 213 22
22 213 145 114 114 145 199 45 45 199
193 54 54 193 161 96 96 161 155 103
103 155 203 39 39 203 215 19 19 215
211 26 26 211 157 101 101 157 202 41
41 202 151 108 108 151 141 119 119 141
169 87 87 169 173 82 82 173 224 3
3 224 201 43 43 201 191 58 58 191
203 40 40 203 189 61 61 189 147 113
113 147 171 85 85 171 210 29 29 210
207 34 34 207 149 111 111 149 185 67
67 185 137 124 124 137 221 10 10 221
188 63 63 188 195 53 53 195 193 56
56 193 183 70 70 183 208 33 33 208
153 107 107 153 160 99 99 160 189 62
62 189 198 49 49 198 171 86 86 171
187 65 65 187 175 81 81 175 179 76
76 179 206 37 37 206 215 22 22 215
211 29 29 211 133 129 129 133 151 110
110 151 173 84 84 173 227 0 223 8
8 223 174 83 83 174 196 53 53 196
181 74 74 181 221 12 12 221 192 59
59 192 145 117 117 145 155 106 106 155
219 16 16 219 208 35 35 208 203 43
43 203 223 9 9 223 217 20 20 217
191 61 61 191 173 85 85 173 169 90
90 169 137 126 126 137 189 64 64 189
140 123 123 140 219 17 17 219 206 39
39 206 143 120 120 143 161 100 100 161
218 19 19 218 199 50 50 199 201 47
47 201 167 93 93 167 195 56 56 195
163 98 98 163 216 23 23 216 183 73
73 183 149 114 114 149 180 77 77 180
200 49 49 200 204 43 43 204 225 7
7 225 159 103 103 159 174 85 85 174
139 125 125 139 197 54 54 197 203 45
45 203 213 29 29 213 227 4 4 227
225 8 8 225 209 36 36 209 218 21
21 218 149 115 115 149 177 82 82 177
158 105 105 158 217 23 23 217 181 77
77 181 165 97 97 165 139 126 126 139
161 102 102 161 209 37 37 209 162 101
101 162 172 89 89 172 196 57 57 196
180 79 79 180 147 118 118 147 229 2
2 229 201 50 50 201 199 53 53 199
181 78 78 181 205 44 44 205 165 98
98 165 207 41 41 207 223 14 14 223
188 69 69 188 153 112 112 153 179 81
81 179 161 103 103 161 228 5 5 228
176 85 85 176 183 76 76 183 189 68
68 189 163 101 101 163 210 37 37 210
157 108 108 157 184 75 75 184 223 15
15 223 149 117 117 149 209 39 39 209
170 93 93 170 193 63 63 193 221 19
19 221 217 26 26 217 175 87 87 175
171 92 92 171 137 130 130 137 186 73
73 186 219 23 23 219 155 111 111 155
192 65 65 192 231 1 1 231 229 5
5 229 187 72 72 187 146 121 121 146
228 7 7 228 227 9 9 227 225 13
13 225 206 45 45 206 151 116 116 151
166 99 99 166 176 87 87 176 199 56
56 199 154 113 113 154 227 10 10 227
141 127 127 141 221 21 21 221 195 62
62 195 169 96 96 169 204 49 49 204
147 121 121 147 213 35 35 213 165 101
101 165 175 89 89 175 179 84 84 179
218 27 27 218 171 94 94 171 203 51
51 203 189 71 71 189 199 57 57 199
192 67 67 192 137 132 132 137 233 0
202 53 53 202 219 26 26 219 144 125
125 144 198 59 59 198 146 123 123 146
215 33 33 215 191 69 69 191 203 52
52 203 159 109 109 159 217 30 30 217
209 43 43 209 231 5 5 231 197 61
61 197 230 7 7 230 152 117 117 152
229 9 9 229 195 64 64 195 190 71
71 190 173 93 93 173 181 83 83 181
137 133 133 137 163 105 105 163 221 24
24 221 169 98 98 169 191 70 70 191
207 47 47 207 170 97 97 170 165 103
103 165 219 28 28 219 213 38 38 213
222 23 23 222 172 95 95 172 161 108
108 161 210 43 43 210 232 5 5 232
181 84 84 181 230 9 9 230 217 32
32 217 228 13 13 228 211 42 42 211
145 126 126 145 165 104 104 165 226 17
17 226 147 124 124 147 183 82 82 183
218 31 31 218 208 47 47 208 150 121
121 150 229 12 12 229 217 33 33 217
161 109 109 161 196 65 65 196 203 55
55 203 209 46 46 209 216 35 35 216
156 115 115 156 195 67 67 195 171 98
98 171 147 125 125 147 220 29 29 220
159 112 112 159 187 78 78 187 214 39
39 214 160 111 111 160 219 31 31 219
177 91 91 177 218 33 33 218 221 28
28 221 182 85 85 182 163 108 108 163
229 14 14 229 155 117 117 155 137 136
136 137 139 134 134 139 200 61 61 200
142 131 131 142 236 1 1 236 146 127
127 146 211 45 45 211 149 124 124 149
229 15 15 229 161 111 111 161 215 39
39 215 228 17 17 228 197 66 66 197
210 47 47 210 217 36 36 217 192 73
73 192 155 118 118 155 226 21 21 226
183 85 85 183 198 65 65 198 139 135
135 139 158 115 115 158 213 43 43 213
201 61 61 201 224 25 25 224 191 75
75 191 188 79 79 188 234 7 7 234
233 9 9 233 208 51 51 208 223 27
27 223 151 123 123 151 212 45 45 212
182 87 87 182 231 13 13 231 200 63
63 200 163 110 110 163 179 91 91 179
207 53 53 207 190 77 77 190 235 6
6 235 196 69 69 196 171 101 101 171
141 134 134 141 227 21 21 227 166 107
107 166 191 76 76 191 217 38 38 217
147 128 128 147 185 84 84 185 167 106
106 167 173 99 99 173 189 79 79 189
195 71 71 195 186 83 83 186 152 123
123 152 209 51 51 209 163 111 111 163
203 60 60 203 223 29 29 223 217 39
39 217 208 53 53 208 239 0 158 117
117 158 197 69 69 197 216 41 41 216
221 33 33 221 189 80 80 189 207 55
55 207 161 114 114 161 213 46 46 213
151 125 125 151 169 105 105 169 193 75
75 193 238 3 3 238 196 71 71 196
236 7 7 236 206 57 57 206 176 97
97 176 233 13 13 233 157 119 119 157
232 15 15 232 142 135 135 142 211 50
50 211 205 59 59 205 148 129 129 148
168 107 107 168 217 41 41 217 150 127
127 150 183 89 89 183 225 28 28 225
219 38 38 219 175 99 99 175 204 61
61 204 154 123 123 154 216 43 43 216
227 25 25 227 239 3 3 239 156 121
121 156 238 5 5 238 236 9 9 236
189 82 82 189 167 109 109 167 225 29
29 225 147 131 131 147 232 17 17 232
162 115 115 162 231 19 19 231 237 8
8 237 163 114 114 163 184 89 89 184
230 21 21 230 235 12 12 235 213 49
49 213 215 46 46 215 229 23 23 229
181 93 93 181 228 25 25 228 219 40
40 219 159 119 119 159 208 57 57 208
143 136 136 143 145 134 134 145 168 109
109 168 179 96 96 179 148 131 131 148
169 108 108 169 152 127 127 152 207 59
59 207 188 85 85 188 241 2 2 241
217 44 44 217 205 62 62 205 171 106
106 171 224 33 33 224 157 122 122 157
201 68 68 201 182 93 93 182 235 14
14 235 196 75 75 196 199 71 71 199
183 92 92 183 211 54 54 211 237 11
11 237 205 63 63 205 151 129 129 151
203 66 66 203 189 85 85 189 234 17
17 234 177 100 100 177 223 36 36 223
233 19 19 233 166 113 113 166 178 99
99 178 199 72 72 199 173 105 105 173
213 52 52 213 209 58 58 209 207 61
61 207 197 75 75 197 141 140 140 141
144 137 137 144 227 30 30 227 147 134
134 147 221 40 40 221 185 91 91 185
218 45 45 218 153 128 128 153 177 101
101 177 237 13 13 237 193 81 81 193
213 53 53 213 211 56 56 211 217 47
47 217 235 17 17 235 243 2 2 243
197 76 76 197 191 84 84 191 239 10
10 239 184 93 93 184 212 55 55 212
145 137 137 145 195 79 79 195 149 133
133 149 151 131 131 151 235 18 18 235
215 51 51 215 211 57 57 211 217 48
48 217 224 37 37 224 178 101 101 178
221 42 42 221 200 73 73 200 210 59
59 210 228 31 31 228 243 4 4 243
170 111 111 170 181 98 98 181 163 119
119 163 239 12 12 239 150 133 133 150
177 103 103 177 237 16 16 237 154 129
129 154 197 78 78 197 245 1 1 245
243 5 5 243 241 9 9 241 208 63
63 208 174 107 107 174 159 124 124 159
239 13 13 239 169 113 113 169 233 24
24 233 143 141 141 143 205 68 68 205
235 21 21 235 218 49 49 218 210 61
61 210 187 92 92 187 183 97 97 183
155 129 129 155 222 43 43 222 179 102
102 179 206 67 67 206 188 91 91 188
217 51 51 217 246 1 1 246 229 32
32 229 221 45 45 221 223 42 42 223
240 13 13 240 231 29 29 231 216 53
53 216 143 142 142 143 171 112 112 171
182 99 99 182 149 136 136 149 183 98
98 183 154 131 131 154 243 8 8 243
195 83 83 195 157 128 128 157 204 71
71 204 209 64 64 209 234 25 25 234
161 124 124 161 186 95 95 186 227 37
37 227 171 113 113 171 163 122 122 163
203 73 73 203 147 139 139 147 164 121
121 164 213 59 59 213 235 24 24 235
166 119 119 166 231 31 31 231 247 2
2 247 167 118 118 167 157 129 129 157
216 55 55 216 159 127 127 159 193 87
87 193 181 102 102 181 241 14 14 241
224 43 43 224 229 35 35 229 197 82
82 197 177 107 107 177 217 54 54 217
215 57 57 215 244 9 9 244 150 137
137 150 204 73 73 204 243 11 11 243
179 105 105 179 242 13 13 242 155 132
132 155 222 47 47 222 156 131 131 156
229 36 36 229 158 129 129 158 235 26
26 235 159 128 128 159 186 97 97 186
219 52 52 219 221 49 49 221 162 125
125 162 171 115 115 171 187 96 96 187
191 91 91 191 195 86 86 195 149 139
139 149 235 27 27 235 245 9 9 245
189 94 94 189 193 89 89 193 234 29
29 234 181 104 104 181 241 17 17 241
233 31 31 233 161 127 127 161 171 116
116 171 218 55 55 218 222 49 49 222
239 21 21 239 192 91 91 192 148 141
141 148 210 67 67 210 151 138 138 151
189 95 95 189 154 135 135 154 241 18
18 241 200 81 81 200 156 133 133 156
181 105 105 181 227 42 42 227 159 130
130 159 220 53 53 220 195 88 88 195
234 31 31 234 163 126 126 163 188 97
97 188 251 0 219 55 55 219 233 33
33 233 208 71 71 208 147 143 143 147
213 64 64 213 166 123 123 166 203 78
78 203 218 57 57 218 209 70 70 209
169 120 120 169 214 63 63 214 231 37
37 231 247 9 9 247 161 129 129 161
183 104 104 183 219 56 56 219 233 34
34 233 230 39 39 230 172 117 117 172
225 47 47 225 244 15 15 244 213 65
65 213 189 97 97 189 203 79 79 203
211 68 68 211
